1.000000000e+00 2.992367580e-02
1.020100000e+00 3.087833698e-02
1.040400000e+00 3.184653106e-02
1.060900000e+00 3.282805775e-02
1.081600000e+00 3.382271401e-02
1.102500000e+00 3.483029434e-02
1.123600000e+00 3.585059111e-02
1.144900000e+00 3.688339480e-02
1.166400000e+00 3.792849430e-02
1.188100000e+00 3.898567716e-02
1.210000000e+00 4.005472984e-02
1.232100000e+00 4.113543797e-02
1.254400000e+00 4.222758657e-02
1.276900000e+00 4.333096025e-02
1.299600000e+00 4.444534345e-02
1.322500000e+00 4.557052062e-02
1.345600000e+00 4.670627644e-02
1.368900000e+00 4.785239595e-02
1.392400000e+00 4.900866477e-02
1.416100000e+00 5.017486926e-02
1.440000000e+00 5.135079662e-02
1.464100000e+00 5.253623512e-02
1.488400000e+00 5.373097417e-02
1.512900000e+00 5.493480448e-02
1.537600000e+00 5.614751819e-02
1.562500000e+00 5.736890895e-02
1.587600000e+00 5.859877207e-02
1.612900000e+00 5.983690460e-02
1.638400000e+00 6.108310542e-02
1.664100000e+00 6.233717536e-02
1.690000000e+00 6.359891723e-02
1.716100000e+00 6.486813596e-02
1.742400000e+00 6.614463860e-02
1.768900000e+00 6.742823447e-02
1.795600000e+00 6.871873514e-02
1.822500000e+00 7.001595456e-02
1.849600000e+00 7.131970903e-02
1.876900000e+00 7.262981733e-02
1.904400000e+00 7.394610071e-02
1.932100000e+00 7.526838295e-02
1.960000000e+00 7.659649039e-02
1.988100000e+00 7.793025193e-02
2.016400000e+00 7.926949913e-02
2.044900000e+00 8.061406617e-02
2.073600000e+00 8.196378988e-02
2.102500000e+00 8.331850978e-02
2.131600000e+00 8.467806808e-02
2.160900000e+00 8.604230967e-02
2.190400000e+00 8.741108216e-02
2.220100000e+00 8.878423588e-02
2.250000000e+00 9.016162385e-02
2.280100000e+00 9.154310182e-02
2.310400000e+00 9.292852823e-02
2.340900000e+00 9.431776422e-02
2.371600000e+00 9.571067363e-02
2.402500000e+00 9.710712296e-02
2.433600000e+00 9.850698138e-02
2.464900000e+00 9.991012072e-02
2.496400000e+00 1.013164154e-01
2.528100000e+00 1.027257425e-01
2.560000000e+00 1.041379816e-01
2.592100000e+00 1.055530149e-01
2.624400000e+00 1.069707271e-01
2.656900000e+00 1.083910055e-01
2.689600000e+00 1.098137396e-01
2.722500000e+00 1.112388217e-01
2.755600000e+00 1.126661463e-01
2.788900000e+00 1.140956102e-01
2.822400000e+00 1.155271127e-01
2.856100000e+00 1.169605552e-01
2.890000000e+00 1.183958416e-01
2.924100000e+00 1.198328779e-01
2.958400000e+00 1.212715721e-01
2.992900000e+00 1.227118347e-01
3.027600000e+00 1.241535779e-01
3.062500000e+00 1.255967163e-01
3.097600000e+00 1.270411662e-01
3.132900000e+00 1.284868460e-01
3.168400000e+00 1.299336761e-01
3.204100000e+00 1.313815787e-01
3.240000000e+00 1.328304777e-01
3.276100000e+00 1.342802990e-01
3.312400000e+00 1.357309701e-01
3.348900000e+00 1.371824203e-01
3.385600000e+00 1.386345805e-01
3.422500000e+00 1.400873832e-01
3.459600000e+00 1.415407625e-01
3.496900000e+00 1.429946540e-01
3.534400000e+00 1.444489948e-01
3.572100000e+00 1.459037236e-01
3.610000000e+00 1.473587804e-01
3.648100000e+00 1.488141064e-01
3.686400000e+00 1.502696446e-01
3.724900000e+00 1.517253388e-01
3.763600000e+00 1.531811344e-01
3.802500000e+00 1.546369780e-01
3.841600000e+00 1.560928173e-01
3.880900000e+00 1.575486014e-01
3.920400000e+00 1.590042803e-01
3.960100000e+00 1.604598054e-01
4.000000000e+00 1.619151289e-01
4.040100000e+00 1.633702044e-01
4.080400000e+00 1.648249863e-01
4.120900000e+00 1.662794301e-01
4.161600000e+00 1.677334926e-01
4.202500000e+00 1.691871312e-01
4.243600000e+00 1.706403045e-01
4.284900000e+00 1.720929721e-01
4.326400000e+00 1.735450943e-01
4.368100000e+00 1.749966326e-01
4.410000000e+00 1.764475494e-01
4.452100000e+00 1.778978079e-01
4.494400000e+00 1.793473723e-01
4.536900000e+00 1.807962075e-01
4.579600000e+00 1.822442796e-01
4.622500000e+00 1.836915553e-01
4.665600000e+00 1.851380022e-01
4.708900000e+00 1.865835889e-01
4.752400000e+00 1.880282847e-01
4.796100000e+00 1.894720598e-01
4.840000000e+00 1.909148853e-01
4.884100000e+00 1.923567329e-01
4.928400000e+00 1.937975752e-01
4.972900000e+00 1.952373859e-01
5.017600000e+00 1.966761390e-01
5.062500000e+00 1.981138096e-01
5.107600000e+00 1.995503736e-01
5.152900000e+00 2.009858075e-01
5.198400000e+00 2.024200887e-01
5.244100000e+00 2.038531953e-01
5.290000000e+00 2.052851061e-01
5.336100000e+00 2.067158006e-01
5.382400000e+00 2.081452592e-01
5.428900000e+00 2.095734629e-01
5.475600000e+00 2.110003933e-01
5.522500000e+00 2.124260328e-01
5.569600000e+00 2.138503644e-01
5.616900000e+00 2.152733718e-01
5.664400000e+00 2.166950393e-01
5.712100000e+00 2.181153519e-01
5.760000000e+00 2.195342951e-01
5.808100000e+00 2.209518549e-01
5.856400000e+00 2.223680181e-01
5.904900000e+00 2.237827719e-01
5.953600000e+00 2.251961040e-01
6.002500000e+00 2.266080028e-01
6.051600000e+00 2.280184569e-01
6.100900000e+00 2.294274557e-01
6.150400000e+00 2.308349886e-01
6.200100000e+00 2.322410460e-01
6.250000000e+00 2.336456182e-01
6.300100000e+00 2.350486961e-01
6.350400000e+00 2.364502711e-01
6.400900000e+00 2.378503347e-01
6.451600000e+00 2.392488788e-01
6.502500000e+00 2.406458956e-01
6.553600000e+00 2.420413778e-01
6.604900000e+00 2.434353180e-01
6.656400000e+00 2.448277093e-01
6.708100000e+00 2.462185450e-01
6.760000000e+00 2.476078184e-01
6.812100000e+00 2.489955234e-01
6.864400000e+00 2.503816537e-01
6.916900000e+00 2.517662033e-01
6.969600000e+00 2.531491664e-01
7.022500000e+00 2.545305372e-01
7.075600000e+00 2.559103103e-01
7.128900000e+00 2.572884801e-01
7.182400000e+00 2.586650412e-01
7.236100000e+00 2.600399884e-01
7.290000000e+00 2.614133166e-01
7.344100000e+00 2.627850205e-01
7.398400000e+00 2.641550953e-01
7.452900000e+00 2.655235358e-01
7.507600000e+00 2.668903373e-01
7.562500000e+00 2.682554948e-01
7.617600000e+00 2.696190038e-01
7.672900000e+00 2.709808594e-01
7.728400000e+00 2.723410570e-01
7.784100000e+00 2.736995921e-01
7.840000000e+00 2.750564602e-01
7.896100000e+00 2.764116569e-01
7.952400000e+00 2.777651778e-01
8.008900000e+00 2.791170188e-01
8.065600000e+00 2.804671756e-01
8.122500000e+00 2.818156443e-01
8.179600000e+00 2.831624209e-01
8.236900000e+00 2.845075016e-01
8.294400000e+00 2.858508827e-01
8.352100000e+00 2.871925606e-01
8.410000000e+00 2.885325319e-01
8.468100000e+00 2.898707934e-01
8.526400000e+00 2.912073419e-01
8.584900000e+00 2.925421746e-01
8.643600000e+00 2.938752887e-01
8.702500000e+00 2.952066816e-01
8.761600000e+00 2.965363509e-01
8.820900000e+00 2.978642945e-01
8.880400000e+00 2.991905105e-01
8.940100000e+00 3.005149970e-01
9.000000000e+00 3.018377527e-01
9.060100000e+00 3.031587762e-01
9.120400000e+00 3.044780665e-01
9.180900000e+00 3.057956227e-01
9.241600000e+00 3.071114444e-01
9.302500000e+00 3.084255312e-01
9.363600000e+00 3.097378830e-01
9.424900000e+00 3.110485000e-01
9.486400000e+00 3.123573826e-01
9.548100000e+00 3.136645315e-01
9.610000000e+00 3.149699476e-01
9.672100000e+00 3.162736320e-01
9.734400000e+00 3.175755861e-01
9.796900000e+00 3.188758114e-01
9.859600000e+00 3.201743099e-01
9.922500000e+00 3.214710834e-01
9.985600000e+00 3.227661343e-01
1.004890000e+01 3.240594649e-01
1.011240000e+01 3.253510778e-01
1.017610000e+01 3.266409758e-01
1.024000000e+01 3.279291619e-01
1.030410000e+01 3.292156390e-01
1.036840000e+01 3.305004104e-01
1.043290000e+01 3.317834794e-01
1.049760000e+01 3.330648494e-01
1.056250000e+01 3.343445239e-01
1.062760000e+01 3.356225066e-01
1.069290000e+01 3.368988010e-01
1.075840000e+01 3.381734109e-01
1.082410000e+01 3.394463399e-01
1.089000000e+01 3.407175919e-01
1.095610000e+01 3.419871705e-01
1.102240000e+01 3.432550796e-01
1.108890000e+01 3.445213227e-01
1.115560000e+01 3.457859037e-01
1.122250000e+01 3.470488260e-01
1.128960000e+01 3.483100933e-01
1.135690000e+01 3.495697091e-01
1.142440000e+01 3.508276767e-01
1.149210000e+01 3.520839995e-01
1.156000000e+01 3.533386806e-01
1.162810000e+01 3.545917232e-01
1.169640000e+01 3.558431302e-01
1.176490000e+01 3.570929045e-01
1.183360000e+01 3.583410489e-01
1.190250000e+01 3.595875658e-01
1.197160000e+01 3.608324579e-01
1.204090000e+01 3.620757273e-01
1.211040000e+01 3.633173765e-01
1.218010000e+01 3.645574073e-01
1.225000000e+01 3.657958218e-01
1.232010000e+01 3.670326217e-01
1.239040000e+01 3.682678089e-01
1.246090000e+01 3.695013848e-01
1.253160000e+01 3.707333509e-01
1.260250000e+01 3.719637086e-01
1.267360000e+01 3.731924593e-01
1.274490000e+01 3.744196040e-01
1.281640000e+01 3.756451440e-01
1.288810000e+01 3.768690802e-01
1.296000000e+01 3.780914138e-01
1.303210000e+01 3.793121457e-01
1.310440000e+01 3.805312768e-01
1.317690000e+01 3.817488081e-01
1.324960000e+01 3.829647406e-01
1.332250000e+01 3.841790752e-01
1.339560000e+01 3.853918128e-01
1.346890000e+01 3.866029546e-01
1.354240000e+01 3.878125016e-01
1.361610000e+01 3.890204549e-01
1.369000000e+01 3.902268158e-01
1.376410000e+01 3.914315856e-01
1.383840000e+01 3.926347659e-01
1.391290000e+01 3.938363576e-01
1.398760000e+01 3.950363631e-01
1.406250000e+01 3.962347838e-01
1.413760000e+01 3.974316219e-01
1.421290000e+01 3.986268793e-01
1.428840000e+01 3.998205583e-01
1.436410000e+01 4.010126613e-01
1.444000000e+01 4.022031910e-01
1.451610000e+01 4.033921501e-01
1.459240000e+01 4.045795416e-01
1.466890000e+01 4.057653685e-01
1.474560000e+01 4.069496342e-01
1.482250000e+01 4.081323422e-01
1.489960000e+01 4.093134961e-01
1.497690000e+01 4.104930998e-01
1.505440000e+01 4.116711574e-01
1.513210000e+01 4.128476729e-01
