1.000000000e-06 2.456249093e-12
1.047250000e-06 2.622602857e-12
1.096732562e-06 2.872928954e-12
1.148553176e-06 3.142132225e-12
1.202822314e-06 3.438719997e-12
1.259655668e-06 3.762005101e-12
1.319174398e-06 4.114835806e-12
1.381505389e-06 4.502522304e-12
1.446781518e-06 4.925996522e-12
1.515141945e-06 5.389316187e-12
1.586732402e-06 5.896462346e-12
1.661705508e-06 6.451705342e-12
1.740221093e-06 7.059304035e-12
1.822446540e-06 7.724794507e-12
1.908557139e-06 8.453951901e-12
1.998736464e-06 9.253682891e-12
2.093176761e-06 1.013191437e-11
2.192079363e-06 1.109139981e-11
2.295655113e-06 1.214112984e-11
2.404124817e-06 1.328917423e-11
2.517719715e-06 1.454495126e-11
2.636681972e-06 1.591772134e-11
2.761265195e-06 1.742072962e-11
2.891734975e-06 1.906408144e-11
3.028369453e-06 2.086116416e-11
3.171459909e-06 2.282841108e-11
3.321311390e-06 2.497618047e-11
3.478243353e-06 2.732772360e-11
3.642590352e-06 2.989993689e-11
3.814702746e-06 3.271193018e-11
3.994947451e-06 3.578905837e-11
4.183708718e-06 3.915222290e-11
4.381388955e-06 4.283162247e-11
4.588409583e-06 4.685544601e-11
4.805211935e-06 5.125651273e-11
5.032258199e-06 5.606908698e-11
5.270032399e-06 6.133341794e-11
5.519041430e-06 6.708874696e-11
5.779816138e-06 7.338345511e-11
6.052912450e-06 8.026758960e-11
6.338912564e-06 8.779621434e-11
6.638426182e-06 9.602652779e-11
6.952091819e-06 1.050290856e-10
7.280578158e-06 1.148735059e-10
7.624585476e-06 1.256347336e-10
7.984847139e-06 1.374016368e-10
8.362131167e-06 1.502738094e-10
8.757241864e-06 1.643459606e-10
9.171021543e-06 1.797335691e-10
9.604352310e-06 1.965605366e-10
1.005815796e-05 2.149468865e-10
1.053340592e-05 2.350650250e-10
1.103110935e-05 2.570545033e-10
1.155232927e-05 2.810992957e-10
1.209817683e-05 3.073847614e-10
1.266981568e-05 3.361244715e-10
1.326846447e-05 3.675475860e-10
1.389539942e-05 4.018934261e-10
1.455195704e-05 4.394519149e-10
1.523953701e-05 4.805006133e-10
1.595960513e-05 5.254014492e-10
1.671369648e-05 5.744502993e-10
1.750341863e-05 6.280918571e-10
1.833045516e-05 6.867206286e-10
1.919656917e-05 7.508182521e-10
2.010360706e-05 8.208792720e-10
2.105350250e-05 8.974641231e-10
2.204828049e-05 9.811819814e-10
2.309006174e-05 1.072679990e-09
2.418106716e-05 1.172695766e-09
2.532362259e-05 1.282017837e-09
2.652016375e-05 1.401495225e-09
2.777324149e-05 1.532092569e-09
2.908552715e-05 1.674845169e-09
3.045981831e-05 1.830873025e-09
3.189904472e-05 2.001367466e-09
3.340627459e-05 2.187676422e-09
3.498472106e-05 2.391299931e-09
3.663774913e-05 2.613833071e-09
3.836888278e-05 2.857028578e-09
4.018181249e-05 3.122800014e-09
4.208040313e-05 3.413224803e-09
4.406870218e-05 3.730600708e-09
4.615094835e-05 4.077364923e-09
4.833158066e-05 4.456237710e-09
5.061524785e-05 4.870383817e-09
5.300681831e-05 5.322847141e-09
5.551139048e-05 5.817157017e-09
5.813430368e-05 6.357280620e-09
6.088114953e-05 6.947454438e-09
6.375778384e-05 7.592207249e-09
6.677033913e-05 8.296709978e-09
6.992523765e-05 9.066290850e-09
7.322920513e-05 9.907089113e-09
7.668928507e-05 1.082562026e-08
8.031285379e-05 1.182900967e-08
8.410763613e-05 1.292524579e-08
8.808172194e-05 1.412258944e-08
9.224358330e-05 1.543067026e-08
9.660209261e-05 1.685946656e-08
1.011665415e-04 1.842003368e-08
1.059466606e-04 2.012453811e-08
1.109526403e-04 2.198668125e-08
1.161951525e-04 2.402050666e-08
1.216853735e-04 2.624148183e-08
1.274350074e-04 2.866735651e-08
1.334563115e-04 3.131674037e-08
1.397621222e-04 3.421008018e-08
1.463658825e-04 3.736916303e-08
1.532816704e-04 4.081982782e-08
1.605242294e-04 4.458801194e-08
1.681089992e-04 4.870250821e-08
1.760521494e-04 5.319572434e-08
1.843706135e-04 5.810109254e-08
1.930821250e-04 6.345786861e-08
2.022052554e-04 6.930699835e-08
2.117594537e-04 7.569193763e-08
2.217650879e-04 8.266436607e-08
2.322434883e-04 9.027634544e-08
2.432169931e-04 9.858510080e-08
2.547089960e-04 1.076577525e-07
2.667439961e-04 1.175601527e-07
2.793476499e-04 1.283721662e-07
2.925468263e-04 1.401714956e-07
3.063696639e-04 1.530512723e-07
3.208456305e-04 1.671115755e-07
3.360055866e-04 1.824512761e-07
3.518818505e-04 1.992048974e-07
3.685082680e-04 2.174900032e-07
3.859202836e-04 2.374311131e-07
4.041550170e-04 2.592015954e-07
4.232513416e-04 2.829454117e-07
4.432499675e-04 3.088837442e-07
4.641935284e-04 3.371791116e-07
4.861266726e-04 3.680520170e-07
5.090961579e-04 4.017354096e-07
5.331509514e-04 4.384846967e-07
5.583423338e-04 4.785615692e-07
5.847240091e-04 5.223282815e-07
6.123522185e-04 5.700566423e-07
6.412858609e-04 6.221200701e-07
6.715866178e-04 6.789108750e-07
7.033190855e-04 7.408503526e-07
7.365509123e-04 8.084411444e-07
7.713529429e-04 8.821606236e-07
8.077993694e-04 9.625359416e-07
8.459678896e-04 1.050226823e-06
8.859398724e-04 1.145838571e-06
9.278005314e-04 1.250149478e-06
9.716391065e-04 1.363844973e-06
1.017549054e-03 1.487860772e-06
1.065628247e-03 1.623010416e-06
1.115979182e-03 1.770513011e-06
1.168709198e-03 1.931248871e-06
1.223930708e-03 2.106529955e-06
1.281761434e-03 2.297588425e-06
1.342324661e-03 2.505811239e-06
1.405749502e-03 2.732919059e-06
1.472171166e-03 2.980365900e-06
1.541731253e-03 3.250118300e-06
1.614578055e-03 3.544192144e-06
1.690866868e-03 3.864579743e-06
1.770760327e-03 4.213999824e-06
1.854428753e-03 4.594420423e-06
1.942050512e-03 5.009116984e-06
2.033812398e-03 5.461059561e-06
2.129910034e-03 5.953308767e-06
2.230548283e-03 6.489692689e-06
2.335941690e-03 7.074147688e-06
2.446314934e-03 7.710607204e-06
2.561903315e-03 8.404161642e-06
2.682953247e-03 9.159737206e-06
2.809722788e-03 9.982398653e-06
2.942482189e-03 1.087860612e-05
3.081514473e-03 1.185463944e-05
3.227116032e-03 1.291725540e-05
3.379597264e-03 1.407431159e-05
3.539283235e-03 1.533451896e-05
3.706514368e-03 1.670655790e-05
3.881647171e-03 1.820018031e-05
4.065055000e-03 1.982640279e-05
4.257128849e-03 2.159664278e-05
4.458278187e-03 2.352292871e-05
4.668931832e-03 2.562018827e-05
4.889538861e-03 2.790352027e-05
5.120569572e-03 3.038622382e-05
5.362516484e-03 3.308821241e-05
5.615895388e-03 3.602819239e-05
5.881246445e-03 3.922792400e-05
6.159135339e-03 4.270895519e-05
6.450154484e-03 4.649502397e-05
6.754924284e-03 5.061369580e-05
7.074094456e-03 5.509359452e-05
7.408345419e-03 5.996547183e-05
7.758389740e-03 6.526299118e-05
8.124973655e-03 7.102360840e-05
8.508878661e-03 7.728663292e-05
8.910923177e-03 8.409489081e-05
9.331964297e-03 9.150093363e-05
9.772899610e-03 9.954473483e-05
1.023466912e-02 1.082925534e-04
1.071825723e-02 1.177938186e-04
1.122469489e-02 1.281281846e-04
1.175506172e-02 1.393484099e-04
1.231048839e-02 1.515402033e-04
1.289215896e-02 1.647862904e-04
1.350131347e-02 1.791753042e-04
1.413925054e-02 1.948008341e-04
1.480733012e-02 2.117754789e-04
1.550697647e-02 2.302098206e-04
1.623968111e-02 2.502144365e-04
1.700700604e-02 2.719459391e-04
1.781058708e-02 2.955156385e-04
1.865213732e-02 3.211204720e-04
1.953345081e-02 3.489005038e-04
2.045640636e-02 3.790334558e-04
2.142297156e-02 4.117589112e-04
2.243520696e-02 4.472497874e-04
2.349527049e-02 4.857307990e-04
2.460542202e-02 5.274909746e-04
2.576802821e-02 5.727734430e-04
2.698556755e-02 6.218700971e-04
2.826063561e-02 6.751007050e-04
2.959595065e-02 7.328075171e-04
3.099435931e-02 7.953418740e-04
3.245884279e-02 8.631035970e-04
3.399252311e-02 9.365374620e-04
3.559866983e-02 1.016134238e-03
3.728070698e-02 1.102271291e-03
3.904222038e-02 1.195637726e-03
4.088696530e-02 1.296721829e-03
4.281887441e-02 1.406113903e-03
4.484206622e-02 1.524559246e-03
4.696085385e-02 1.652814580e-03
4.917975420e-02 1.791536579e-03
5.150349758e-02 1.941669114e-03
5.393703784e-02 2.104018146e-03
5.648556288e-02 2.279716629e-03
5.915450573e-02 2.469686609e-03
6.194955612e-02 2.675059795e-03
6.487667265e-02 2.897026884e-03
6.794209543e-02 3.136845238e-03
7.115235944e-02 3.396076155e-03
7.451430843e-02 3.676041146e-03
7.803510950e-02 3.978452990e-03
8.172226842e-02 4.305091843e-03
8.558364561e-02 4.657715579e-03
8.962747286e-02 5.038195108e-03
9.386237095e-02 5.448756051e-03
9.829736798e-02 5.891878738e-03
1.029419186e-01 6.369661344e-03
1.078059243e-01 6.884731467e-03
1.128997542e-01 7.440142427e-03
1.182342676e-01 8.038833359e-03
1.238208367e-01 8.683867706e-03
1.296713713e-01 9.378660640e-03
1.357983436e-01 1.012656072e-02
1.422148153e-01 1.093177085e-02
1.489344653e-01 1.179837980e-02
1.559716188e-01 1.273118958e-02
1.633412778e-01 1.373384136e-02
1.710591532e-01 1.481207894e-02
1.791416981e-01 1.597154590e-02
1.876061434e-01 1.721691778e-02
1.964705337e-01 1.855431550e-02
2.057537664e-01 1.999041424e-02
2.154756318e-01 2.153272472e-02
2.256568554e-01 2.318716187e-02
2.363191419e-01 2.496058310e-02
2.474852213e-01 2.686317961e-02
2.591788980e-01 2.890170042e-02
2.714251009e-01 3.108540241e-02
2.842499370e-01 3.342267204e-02
2.976807465e-01 3.592467042e-02
3.117461618e-01 3.860173563e-02
3.264761679e-01 4.146336827e-02
3.419021668e-01 4.452264702e-02
3.580570442e-01 4.779086340e-02
3.749752396e-01 5.127972357e-02
3.926928196e-01 5.500143565e-02
4.112475553e-01 5.897101758e-02
4.306790023e-01 6.320272015e-02
4.510285852e-01 6.771025623e-02
4.723396858e-01 7.250893115e-02
4.946577360e-01 7.761437116e-02
5.180303140e-01 8.304342026e-02
5.425072464e-01 8.880986253e-02
5.681407138e-01 9.493085670e-02
5.949853625e-01 1.014277833e-01
6.230984209e-01 1.083146245e-01
6.525398212e-01 1.156127605e-01
6.833723278e-01 1.233307977e-01
7.156616703e-01 1.314960034e-01
7.494766842e-01 1.401213851e-01
7.848894575e-01 1.492276931e-01
8.219754844e-01 1.588314444e-01
8.608138261e-01 1.689493335e-01
9.014872793e-01 1.795965470e-01
9.440825533e-01 1.907872422e-01
9.886904539e-01 2.025422719e-01
1.035406078e+00 2.148706061e-01
1.084329015e+00 2.277867136e-01
1.135563561e+00 2.412980060e-01
1.189218939e+00 2.554145063e-01
1.245409534e+00 2.701410484e-01
1.304255135e+00 2.854855919e-01
1.365881190e+00 3.014465603e-01
1.430419076e+00 3.180204942e-01
1.498006377e+00 3.352014951e-01
1.568787179e+00 3.529822256e-01
1.642912373e+00 3.713506114e-01
1.720539982e+00 3.902873675e-01
1.801835497e+00 4.097663437e-01
1.886972224e+00 4.297684969e-01
1.976131661e+00 4.502574011e-01
2.069503882e+00 4.711891731e-01
2.167287941e+00 4.925304085e-01
2.269692296e+00 5.142240635e-01
2.376935257e+00 5.362195301e-01
2.489245448e+00 5.584580179e-01
2.606862295e+00 5.808666971e-01
2.730036539e+00 6.033810820e-01
2.859030765e+00 6.259218907e-01
2.994119969e+00 6.484110373e-01
3.135592137e+00 6.707619530e-01
3.283748866e+00 6.925714474e-01
3.438906000e+00 7.147146018e-01
3.601394308e+00 7.361414240e-01
3.771560189e+00 7.570770010e-01
3.949766408e+00 7.774373502e-01
4.136392871e+00 7.971341081e-01
4.331837434e+00 8.160957381e-01
4.536516753e+00 8.342392664e-01
4.750867170e+00 8.515061688e-01
4.975345643e+00 8.678289369e-01
5.210430725e+00 8.831609421e-01
5.456623577e+00 8.974632624e-01
5.714449041e+00 9.107088961e-01
5.984456758e+00 9.228834127e-01
6.267222340e+00 9.339783557e-01
6.563348595e+00 9.440057958e-01
6.873466817e+00 9.529850001e-01
7.198238124e+00 9.609475823e-01
7.538354875e+00 9.679338107e-01
7.894542143e+00 9.739915101e-01
8.267559259e+00 9.791132607e-01
8.658201434e+00 9.833392531e-01
9.067301452e+00 9.868609931e-01
9.495731445e+00 9.897625943e-01
9.944404756e+00 9.921237984e-01
1.041427788e+01 9.940205019e-01
1.090635251e+01 9.955231028e-01
1.142167767e+01 9.966965337e-01
1.196135194e+01 9.975992333e-01
1.252652582e+01 9.982828068e-01
1.311840416e+01 9.987920372e-01
1.373824876e+01 9.991648794e-01
1.438738101e+01 9.994330185e-01
1.506718476e+01 9.996222757e-01
1.577910924e+01 9.997532786e-01
1.652467216e+01 9.998421238e-01
1.730546291e+01 9.999011247e-01
1.812314604e+01 9.999394526e-01
1.897946469e+01 9.999637859e-01
1.987624439e+01 9.999788652e-01
2.081539694e+01 9.999879761e-01
2.179892445e+01 9.999933352e-01
2.282892363e+01 9.999963802e-01
2.390759027e+01 9.999969813e-01
2.503722391e+01 9.999972723e-01
2.622023274e+01 1.000000000e+00
2.745913874e+01 1.000000000e+00
2.875658304e+01 1.000000000e+00
3.011533159e+01 1.000000000e+00
3.153828101e+01 1.000000000e+00
3.302846479e+01 1.000000000e+00
3.458905975e+01 1.000000000e+00
3.622339282e+01 1.000000000e+00
3.793494813e+01 1.000000000e+00
3.972737443e+01 1.000000000e+00
4.160449287e+01 1.000000000e+00
4.357030516e+01 1.000000000e+00
4.562900208e+01 1.000000000e+00
4.778497243e+01 1.000000000e+00
5.004281237e+01 1.000000000e+00
5.240733526e+01 1.000000000e+00
5.488358185e+01 1.000000000e+00
5.747683109e+01 1.000000000e+00
6.019261136e+01 1.000000000e+00
6.303671225e+01 1.000000000e+00
6.601519690e+01 1.000000000e+00
6.913441495e+01 1.000000000e+00
7.240101606e+01 1.000000000e+00
7.582196407e+01 1.000000000e+00
7.940455187e+01 1.000000000e+00
8.315641695e+01 1.000000000e+00
8.708555765e+01 1.000000000e+00
9.120035025e+01 1.000000000e+00
9.550956680e+01 1.000000000e+00
