0.34498885375627064 1.2515183922292776
0.45107406517959214 0.9607747199859016
0.5358762483015747 0.551516045297763
0.6843447858198595 0.29244123894012525
0.8964542984972643 0.12550879412029986
1.09796544172721 0.05831050271503541
1.2888883672045701 0.030918044742008613
1.4904350413665715 0.017283391600855215
1.6919817155285728 0.009661530272082346
1.9041470625277792 0.005545450345444474
2.095100443089758 0.003445629814880467
2.275440226661969 0.0021409386346285288
2.487630952898358 0.0014024388094097367
2.6892131579924152 0.0009432899129242406
2.890795363086472 0.0006344632320886226
3.0923877198754024 0.00044990751583176943
3.293980076664332 0.00031903625389854024
3.4955724334532627 0.0002262334540320798
3.6865613449472976 0.0001691347874815889
3.8987672987259963 0.00011993499576741229
4.238316112992173 0.00007650717807272327
4.7370181236305156 0.00003746482768772154
5.246359110495809 0.000020937763435086415
5.734488130923874 0.000012667115531631095
6.456065526652484 0.000005882525560262733
7.464220192799725 0.0000028794042965433067
