1.3373461048914108 0.3854854201015949
1.3580731443492748 0.3810372649104417
1.379121424631123 0.3765891097192885
1.4112386136365849 0.37213911086060647
1.4330935038269699 0.36824651415146525
1.4442263680428145 0.36380020262784085
1.489177786691542 0.35990391858364196
1.5122763525127891 0.3549002049104768
1.5593647345904351 0.350448362384266
1.5956601030354964 0.34655392200759594
1.620312043008431 0.34432800074449055
1.645424668324085 0.33987984555333733
1.6455045006498463 0.3376576116252895
1.6709670393764853 0.33432057339816024
1.6968030045621323 0.3315390936530429
1.7230175384310855 0.32931317238993746
1.749679514002501 0.32597613416280813
1.7767756076590897 0.3220835374536669
1.818131375103146 0.31818909707699683
1.8604497286461525 0.3142946567003268
1.8747887717254954 0.31262613758676217
1.9331179600962316 0.30928541202457527
2.008624576148042 0.3042761673488237
2.07109259758925 0.3014910002686487
2.103166196523588 0.29759840355950745
2.135658784845609 0.29537248229640206
2.1686533631185934 0.29314656103329667
2.219076543727216 0.2903632376206505
2.2533052116441965 0.289248433321569
2.2881451059262523 0.28646695357645163
2.305752558349959 0.28535399294489894
2.341431776357475 0.28201695471776966
2.377576579129757 0.28034659193667616
2.4328279079090005 0.27811882700604196
2.4328869248783285 0.2770077100420181
2.489514168886654 0.27311326966534805
2.5279449271696035 0.27144290688425454
2.547335862874706 0.2714410632167258
2.586690591781589 0.2692151419536204
2.606626990630419 0.2675466228400557
2.667201108885271 0.2653188579094215
2.7083419795244135 0.26420405361034
2.771347029543746 0.2608651717156819
2.792706630844747 0.2591966526021172
2.8575356422483473 0.25808000463550695
2.9689694876147357 0.2558485523698152
3.06126700802288 0.2536189437716521
3.0848236928941417 0.2525059831400994
3.1324062812753244 0.2513911788410179
3.1564721027754103 0.2508337766914772
3.1807999783226735 0.24916525757791252
3.2299413273996818 0.24693933631480713
3.2299805040696774 0.24638377783279516
3.2798020978153493 0.24526897353371369
3.3560198001715764 0.24304120860307946
3.3560605060751465 0.24248565012106751
3.407826850456759 0.241370845821986
3.487061951688608 0.23858752240933986
3.5680960635054624 0.23635975747870566
3.6231330001982727 0.23524495317962416
3.707374166972543 0.232461629766978
3.8519487274888604 0.23023017750128622
3.911411458135071 0.2285598147201927
3.9717439438556004 0.22744501042111123
4.064041341296003 0.225217245490477
4.126728102536991 0.22410244119139552
4.32059742931684 0.22131358677616297
4.454913538347696 0.21908397817799996
4.628695648419108 0.2162969674302962
4.920897412247323 0.21239330871598217
5.151950995181169 0.21071557126477347
5.352794048867487 0.20903967748109362
5.734219141296103 0.2062452920632747
6.334172011995916 0.19844350563723295
6.38275911565849 0.19844166196970414
6.6823712373542605 0.19731948300050742
6.996471699230923 0.19341951162125104
7.3249808548941235 0.19174177417004237
7.610537049909714 0.1900658803863625
8.15294146455223 0.18671593648653156
8.535854508526034 0.18448264055331096
9.07448849917518 0.1816900988030208
9.500798382572883 0.17890124438778823
10.100200262652699 0.17666426111951003
10.655682367117247 0.17442912151876067
11.327945453564713 0.17219213825048243
11.9509500293327 0.16995699864973302
13.50598905429622 0.16714970755921246
15.148465011112233 0.16045535076213702
16.47741379012139 0.15876839497328438
17.786946619949653 0.15597216588793666
19.200320921076383 0.15373149528460084
22.033332533582776 0.14980939989499875
23.967150985295266 0.14645576866011023
25.674360126782098 0.14477250020631516
27.086376445581283 0.1425373606055657
30.377796703758168 0.139731913182574
32.29353734367711 0.13860604687831973
33.80942335241968 0.13748386790912304
35.66797960868014 0.13635984527239747
38.209579807526055 0.13356545985457852
42.85160449744739 0.1318711293956107
47.32928880314925 0.12962492778968843
49.930447341637056 0.12905646363497492
53.08118474931656 0.12626392188468472
58.6277865782921 0.12401772027876251
61.3790800815985 0.12345109979157776
63.28566042758076 0.12233260815743868
67.79357453357045 0.12064933970364361
69.89855653254307 0.12008640655151648
73.74098821772698 0.11896238391479091
77.79370073442784 0.1183939197600774
82.69967056100842 0.11726805345582308
87.91502970461717 0.11614218715156877
92.74785476565579 0.11501816451484326
100.11407900025074 0.11444416935754331
105.61750465546383 0.11332014672081775
110.57393864953876 0.11275352623363305
114.8817532433215 0.11218874941397705
121.19404077976517 0.11217584374127548
128.838565583663 0.11049441895500922
141.21803693404198 0.10825006101661583
142.3012685524042 0.10824821734908702
160.81338712364106 0.10655204322259032
160.81338712364106 0.10655204322259032
172.26622966026915 0.10542433325080725
184.53248497508756 0.10485218176103606
200.72120247321536 0.10316522597218342
220.00218996457212 0.10203198499781396
239.29970115226322 0.10090058769097321
254.38777470892177 0.10033027986873083
285.29296489843426 0.098635949409763
327.3760925816983 0.0963805294661968
350.68698029018327 0.09580837797642561
399.3433014929107 0.0946659186644121
441.0611032664986 0.09353083402251378
479.74299731262164 0.09295499519768502
529.8662613902567 0.09126435207377476
576.3295455566415 0.09124407173095794
617.3747076076837 0.09011636175917487
641.4190308192931 0.09010714342153087
692.3786372526604 0.08842203130020698
703.0413395509129 0.08841834396514936
719.3527944040475 0.08785725448055104
730.4309014995829 0.08785356714549342
782.450887200962 0.0867258571737104
800.6047447387368 0.08616476768911197
904.7562404637387 0.08446859356261532
918.656151562949 0.08613158167359358
