8.792810391085931   5.044249540956162
10.456449986114707   5.225198558783563
12.33729838159125   5.412638640700248
14.556463384660633   5.631557830976472
17.447498967596918   5.833574969518001
20.585858590782628   6.069519320049646
24.288728986700537   6.259609687638435
29.11267405558611   6.512785407509826
34.89469503039363   6.7167583593794795
41.171359791924765   6.9577041766404
49.73856742469276   7.175611472880921
59.14932990987222   7.367812955291189
70.34065132824874   7.6321136222132315
84.31089399936185   7.836542688315395
101.85485995645652   8.046447464703858
121.1262612983367   8.298452949108004
145.18295159376547   8.520730167510692
174.01750212996205   8.710502493564135
208.5788359798833   8.943816615730396
250.00434028889802   9.102821015130397
297.3062950604137   9.346643538107797
359.17174650977626   9.554810473352655
430.5062645245953   9.724677205416928
511.9600018071751   9.94126364544147
618.4920099147773   10.073524100226805
741.3297048393326   10.297880001948073
881.5926463889452   10.480957126083545
