2.9887157113016958  5.111359192418177
3.08437814283701  5.248268892396637
3.208273467704556  5.508865273379648
3.4169403728316636  5.9111859560093
3.610627355304758  6.150269354877084
3.84546345745841  6.541540703679201
4.127959823993394  6.9577041766404
4.327728198076023  7.239114975631876
4.573042580004912  7.6321136222132315
4.794350276729159  8.011076901339674
5.187251276126635  8.48327475285459
5.43828297158228  8.826388668832795
5.883954791789513  9.30555757452483
6.316203301735111  9.767613668956914
6.674233066587535  10.252612594346957
7.108326846971622  10.714387310349593
7.630520472948701  11.296052296482562
8.126811424336474  11.804823235904896
8.792810391085931  12.445686044474645
9.364696968133277  13.006236156532331
10.132141686491286  13.652044925498616
10.706475369586853  14.141775677426537
11.583879945792532  14.778717177665927
12.533188557992482  15.581027386660002
13.560293801840404  16.13995524688309
14.328949997544077  16.71893315548753
15.873918657023045  17.70439920616575
17.31061226007125  18.420470053644188
18.148341553236662  19.165503050735133
19.79088532448959  20.117142693661222
21.752754233378308  21.02321300195238
23.535410565233295  21.681635864902564
25.264374588202273  22.55856973810018
27.76883005820489  23.47097201519282
30.04450881595529  24.312930625511385
32.76373363720071  25.074383662574355
35.72906611405043  25.859684533392258
38.96278060119328  27.024397270895783
42.489167428300924  28.117424084797776
45.971190097185925  28.998029483362576
50.131883884533664  30.170881682725806
54.240233534227826  31.253181708358763
58.68526586042025  32.37430636489922
64.50273165913109  33.68371521437693
70.89688238587254  34.8920287871555
77.92488477229794  35.984807016917316
86.32686152477076  37.27566612956651
92.66862630420634  38.27410902394697
105.11501733117036  39.822140864288386
113.7292805737959  40.88879205294225
125.00325523080217  42.16938201431365
136.31686852507448  43.682096283487574
149.82994900285817  45.050169322179066
162.10863814841994  46.46108883570656
179.5874321572659  47.91619672640565
194.3047718385778  48.98337852064627
220.40198796401222  50.74052676662671
238.46411449668759  52.099631074277866
262.1030434504027  53.968566581039795
285.82508549942463  55.17054577912607
319.1470820115022  57.149642172093614
353.5579941548517  58.16565635484378
382.53236632842135  59.98733784467962
437.3417924895667  62.413581364620974
462.13221984679933  63.52317858085081
520.0888426572943  65.22467107898768
585.3138834298852  67.26743279494531
628.3123534922453  68.76560219336318
696.057924149926  70.29713857864373
777.205594167064  72.49876414538546
847.5477906667974  74.11344491069471
