10.706475369586853  5.111359192418177
11.583879945792532  5.156594252003493
12.732189055634539  5.225198558783563
14.104992580030123  5.365157489486786
15.625813818297063  5.436536561087996
17.447498967596918  5.582156260561386
18.729231356422343  5.6813966007542325
21.244768128611728  5.782401249336502
23.535410565233295  5.885201572424913
26.27921056233533  6.016275831289602
28.209740284277917  6.09631750465627
31.998611149748868  6.259609687638435
34.89469503039363  6.315006658686988
39.27088563366776  6.455653467012351
43.50513081872309  6.5704229604354865
49.34833678221184  6.687232841665675
53.81468446282722  6.776201054202689
59.617063627320675  6.896669286628445
65.01279834138221  7.019279219825426
73.74471487220136  7.175611472880921
81.6959795007535  7.239114975631876
91.22024200282951  7.367812955291189
98.69581683142599  7.465835734587152
110.20195058615566  7.6321136222132315
123.0494898657805  7.733652707650341
134.18627459853425  7.90589537164366
154.62568691269863  7.975861819852201
168.62032428323351  8.153498926071748
185.33564379492103  8.261974620361224
208.5788359798833  8.408857139179652
231.06811570203726  8.520730167510692
255.98222294825533  8.672212877962476
283.5826062217401  8.710502493564135
314.1589037914189  8.904501398212105
345.30145126686114  9.062806846278754
394.7764135509642  9.264652216567466
437.3417924895667  9.387910904727606
476.924089034686  9.554810473352655
524.2015365483364  9.68192948192786
585.3138834298852  9.85405615317462
643.336002754738  9.985156382962478
724.017635523014  10.16267386367598
808.4248983894807  10.343347274527208
881.5926463889452  10.52723272207532
