1.002483675598784  0.07204488089832083
1.0555110537681351  0.05831254727523804
1.1297656259170241  0.04719687943195498
1.2146236433608084  0.036233078058041636
1.3100952577943612  0.027815916084159124
1.3949532752381455  0.02135429864989964
1.5010232591191575  0.015143852228027417
1.6177169916848106  0.011322416518559883
1.7343954967081554  0.007820033459981354
1.8617028262635775  0.005846656357006633
1.989005079971564  0.004257246191947248
2.116302257832113  0.0030190631886410396
2.2648317055196365  0.0021982940593012054
2.370921992790394  0.0017327977576008556
2.5088479951830225  0.0013302117741278987
2.636160400585881  0.0010211687237479145
2.7847050758157144  0.0008049045238127156
2.9332497510455466  0.0006344409864770867
3.1030114685600436  0.0004743238488463989
3.240937470952672  0.00036412279835744985
3.378873625040172  0.00029469739851903387
3.5380268214123376  0.00022622552181271658
3.7184122876114767  0.00017831055075612456
3.909406274952948  0.00013687713846803444
4.089791741152086  0.000107886315171649
4.270177207351225  0.00008503580021900166
4.450567749397801  0.00006882005347756199
4.630958291444376  0.000055696538968961987
4.8113488334909515  0.00004507558911055639
5.066029478618471  0.00003552631858072566
5.267647214644584  0.00002875118803901012
5.4480428325385954  0.000023891683774649148
5.649670720259582  0.000020384866281616096
5.819457817011262  0.000017393236279411988
6.021075553037375  0.000014076218050569913
6.190867725636491  0.000012332078355897578
6.403104134499809  0.0000102474502292587
6.615340543363128  0.000008515209940335441
6.859422819043188  0.000007265094059603979
7.071664303753942  0.0000061986703889032295
7.283905788464696  0.000005288784188481692
7.4643115580535815  0.000004633427038111628
7.655330924632236  0.0000040592425718269485
7.825123097231352  0.000003556274652859506
7.973693151698366  0.0000031991231453749036
