2.9420029338475744  5.111359192418177
3.1581290648956406  5.55761822528693
3.4986432287869027  6.1232340087970005
3.84546345745841  6.687232841665675
4.226663948177234  7.271077167244764
4.682389129380513  7.940801536774418
5.146553996269158  8.672212877962476
5.746548408982255  9.387910904727606
6.416491236799501  10.207544173157666
7.164537190284705  11.098737419258486
7.999791670653946  11.961876840509492
9.07424954532182  13.12134015243114
10.132141686491286  14.141775677426537
11.492997052542494  15.308864295950771
13.036629898875033  16.42689358659143
15.022384809259728  17.70439920616575
17.04005230850358  19.08125535719881
19.635613263083027  20.384784970995366
22.44901361819907  21.873516351742698
25.665519364122947  23.57460121674791
29.574921679001775  25.185092258569313
34.07980878585969  26.787331843393655
39.581427060813525  28.617299509503503
45.971190097185925  30.437891215666472
53.392474094090126  32.37430636489922
62.502170163287175  34.2825489267993
72.59210593010077  36.46355570633593
84.31089399936185  38.612831374910144
98.69581683142599  40.70905315369042
115.53506074904315  43.10857167949116
135.24737613838562  45.249075148224854
159.5749261902759  47.91619672640565
186.80121795746842  50.29541694423048
220.40198796401222  53.02586546657937
260.0466786546795  55.65880004413155
304.4152202242955  58.42246977194808
362.01196019357377  61.05380097059189
427.12866953350857  64.08535287930664
507.94335052882445  66.97173870081787
599.3093913078418  70.29713857864373
707.1098502142794  73.46330143754753
834.300859492501  76.43459280453322
