1.0116063352592621 0.0013389382961641544
1.0351420449301312 0.0011760411963683212
1.0429365181917194 0.0009999999999999979
1.0664999169327896 0.0009371972075541264
1.0821580861314675 0.0007969084845396898
1.1056799512672368 0.0006776195315271123
1.1292156609381054 0.0005951793946163957
1.1448738301367842 0.0005060871986919672
1.1762732357447434 0.00044451592453624556
1.2076449522825023 0.0003659150579252166
1.2311806619533714 0.0003213973218365533
1.262566223026231 0.00027328746886507403
1.2860880881619994 0.00023237916299956107
1.3174736492348589 0.00019759440716631357
1.3331318184335372 0.00016801656929748293
1.3645035349712957 0.00013830728955554377
1.3880392446421652 0.0001214806318867288
1.4194248057150243 0.000103296238483709
1.4507965222527828 0.00008503103488959808
1.4900319347276323 0.0000699955487298442
1.5214036512653903 0.000057618690027155236
1.5527753678031493 0.00004743035093930029
1.5920107802779988 0.00003904354974340699
1.6233824968157569 0.000032139732183655324
1.662631753825707 0.0000273287468865074
1.6861536189614754 0.000023237916299956153
1.7254167205065256 0.000020410759005698667
1.7646521329813742 0.000016801656929748295
1.8038875454562238 0.000013830728955554406
1.8431091133959723 0.000011021825252050068
1.8980442286748014 0.000008503103488959826
1.9451294925516396 0.0000067761953152711374
2.0000784523655692 0.000005400007539637679
2.070727114983479 0.000004033051825545532
2.1335397707344987 0.000003213973218365526
2.1884887305484284 0.0000025612425267988313
2.251287541764348 0.0000019759440716631356
2.306236501578277 0.0000015746465956842602
2.3611854613922065 0.000001254849232252328
2.4161482657412368 0.00000103296238483709
2.4789747660273567 8.503103488959825e-7
2.5260738744392963 6.999554872984406e-7
2.5967363815923066 5.40000753963769e-7
2.643821645469145 4.30331182491557e-7
2.690948442951286 3.7797649088223524e-7
2.7537749432374063 3.111413605706859e-7
2.8008878961844466 2.6456671886283064e-7
2.863700551935466 2.1083546298861737e-7
2.926513207686486 1.6801656929748328e-7
2.981489856570617 1.4286622765964904e-7
3.091429309803777 9.999999999999959e-8
3.177819208830968 7.714787065217011e-8
3.272058959260148 5.761869002715512e-8
3.374148561091319 4.16599083188711e-8
3.4369473723072383 3.213973218365533e-8
3.5547643660125896 2.3237916299956107e-8
3.64114042050468 1.7355479611367523e-8
3.7118167721927904 1.3830728955554378e-8
3.77462942794381 1.102182525205009e-8
