2.9887157113016958  5.066520947186619
3.1581290648956406  5.3180928559590965
3.2849868651875953  5.508865273379648
3.363534565579232  5.6813966007542325
3.4711941512265554  5.885201572424913
3.582299691168614  6.069519320049646
3.667956472885731  6.232093703464937
3.84546345745841  6.427275713846892
3.999930556583248  6.628570600412914
4.1606023914898715  6.866352916693192
4.293774422511921  7.050270791055284
4.466249570612849  7.303180478552002
4.645652813621716  7.598564387018287
4.832262443800226  7.802094824095923
5.066114819476849  8.117657786032067
5.43828297158228  8.59613784721543
5.883954791789513  8.98330541807499
6.266648676419299  9.387910904727606
6.942328039296038  10.207544173157666
7.511257605836886  10.8092086543715
8.191075613369549  11.3960213222298
8.655381262767738  11.856943974903007
9.146005767739817  12.282280261157895
9.664440995032656  12.722874353875227
10.21226337686307  13.295908947490648
10.706475369586853  13.532285441721818
11.583879945792532  14.266929093832767
12.533188557992482  14.909507467872462
13.453904686984336  15.64982084891809
14.442258686918862  16.282792369028623
15.625813818297063  17.016164643924075
16.773721132111085  17.782567794691193
17.724528309419657  18.258880636337917
19.026611894753458  19.165503050735133
20.264107469584673  19.67885833918846
21.4127648648092  20.295177559570057
22.985794575972978  21.02321300195238
24.288728986700537  21.681635864902564
26.487018036514034  22.360679774997884
28.657651231196894  23.265078208981468
31.49848194849131  24.528097829406978
34.34930086087785  25.632836285583934
37.45813755597879  26.669580124702847
40.52786313542744  27.38393497161728
43.84915528352986  28.617299509503503
47.81779102219437  29.774752731930707
50.9278720558274  30.437891215666472
55.53717802370776  31.668979958325878
62.502170163287175  33.24146447384287
68.15902591456039  34.43391347916033
74.32786416031519  35.669138416669405
82.99313867942377  37.27566612956651
94.14000788160891  39.1265437982334
106.78402124519954  41.25065410866121
126.98804225309122  44.26325116746251
148.65443791981795  46.66622416356211
174.01750212996205  49.19965027974857
194.3047718385778  51.642598815999584
220.40198796401222  54.206848977706045
244.16605748408344  55.904545171532114
283.5826062217401  58.93950326573491
314.1589037914189  61.323366144219634
353.5579941548517  63.80364656795909
417.15405083729206  66.97173870081787
476.924089034686  69.98812650774863
553.915550474095  73.46330143754753
658.7188842301698  77.45149310676945
771.1079228014634  81.6561965918124
881.5926463889452  84.58539516790204
