12.632296948309754 5.044249540956162
13.243623979068381 5.111359192418177
13.775602556053451 5.202229637713164
14.442258686918862 5.294715590257252
15.260908472969133 5.365157489486786
16.12596287527289 5.484649410531904
17.04005230850358 5.60680263634264
18.00595629063326 5.6813966007542325
18.729231356422343 5.782401249336502
19.79088532448959 5.9111859560093
20.91271843853799 5.989829493767296
21.752754233378308 6.069519320049646
22.62653313716388 6.17742406760829
23.35076032576213 6.204698674019101
24.288728986700537 6.315006658686988
26.073033469736977 6.455653467012351
27.120352184375587 6.541540703679201
28.657651231196894 6.657837112184463
30.521552002381583 6.776201054202689
31.998611149748868 6.896669286628445
33.81243104728156 7.050270791055284
35.72906611405043 7.175611472880921
37.45813755597879 7.303180478552002
39.581427060813525 7.40034337513362
41.82507381284469 7.531907695409076
43.84915528352986 7.665810984228573
46.33471535896742 7.802094824095923
48.19591860519598 7.940801536774418
51.73649883392672 8.081974196429433
55.53717802370776 8.2256566430048
57.76803182788664 8.371893495836877
61.04257412224943 8.48327475285459
64.50273165913109 8.634091575803575
67.62427507933016 8.787589640931685
72.59210593010077 8.943816615730396
76.1051263060746 9.062806846278754
79.16216695126087 9.223926670329744
82.99313867942377 9.346643538107797
89.09000070493546 9.554810473352655
95.63475188308804 9.724677205416928
101.85485995645652 9.94126364544147
107.62843465270926 10.073524100226805
113.7292805737959 10.252612594346957
121.1262612983367 10.434884948296814
129.0043434908827 10.620397765173431
138.48129177203805 10.8092086543715
148.65443791981795 11.049949603657582
157.08081543019367 11.24639712439941
167.2973907753474 11.446337116128879
181.0075513264591 11.59862135348533
194.3047718385778 11.856943974903007
206.94240257645694 12.121019916021568
223.90150487331178 12.390977313848136
240.34981137476817 12.611265809287794
255.98222294825533 12.835470623835617
270.4924042566039 13.006236156532331
288.08529757595016 13.237462808126095
306.8224370570197 13.472800238869473
331.96679139057835 13.712321530758427
359.17174650977626 13.956101065050666
385.5573082173621 14.20421454536411
413.8812124404439 14.456739021185994
437.3417924895667 14.649074215769797
462.13221984679933 14.909507467872462
492.1894144861159 15.174570738077414
528.3467522888283 15.44434633948198
567.1602891858353 15.788320326640259
618.4920099147773 15.998371131163026
663.9278195290817 16.21121649138064
735.5135026045656 16.71893315548753
802.0822917598526 17.09129453434526
854.2499237162817 17.318680354559287
902.6725099920151 17.471949085690447
953.8398982238673 17.626574231020705
