1.000000000e+00 7.153237253e-02
1.100000000e+00 8.484115762e-02
1.200000000e+00 9.046435687e-02
1.300000000e+00 8.911268520e-02
1.400000000e+00 8.296224498e-02
1.500000000e+00 7.428819737e-02
1.600000000e+00 6.480863565e-02
1.700000000e+00 5.560513240e-02
1.800000000e+00 4.722241344e-02
1.900000000e+00 3.988291113e-02
2.000000000e+00 3.359477544e-02
2.100000000e+00 2.827746807e-02
2.200000000e+00 2.381606723e-02
2.300000000e+00 2.010290120e-02
2.400000000e+00 1.701314775e-02
2.500000000e+00 1.444437364e-02
2.600000000e+00 1.230520419e-02
2.700000000e+00 1.051846299e-02
2.800000000e+00 9.027891302e-03
2.900000000e+00 7.772392072e-03
3.000000000e+00 6.711843463e-03
3.100000000e+00 5.814345331e-03
3.200000000e+00 5.053337522e-03
3.300000000e+00 4.406930340e-03
3.400000000e+00 3.858953220e-03
3.500000000e+00 3.388493617e-03
3.600000000e+00 2.983097310e-03
3.700000000e+00 2.633039119e-03
3.800000000e+00 2.328514111e-03
3.900000000e+00 2.064409990e-03
4.000000000e+00 1.835204506e-03
4.100000000e+00 1.636907635e-03
4.200000000e+00 1.463293952e-03
4.300000000e+00 1.310059273e-03
4.400000000e+00 1.175712375e-03
4.500000000e+00 1.056785431e-03
4.600000000e+00 9.515235042e-04
4.700000000e+00 8.587615733e-04
4.800000000e+00 7.760890597e-04
4.900000000e+00 7.022933177e-04
5.000000000e+00 6.373886780e-04
5.100000000e+00 5.798033323e-04
5.200000000e+00 5.276863268e-04
5.300000000e+00 4.809366071e-04
5.400000000e+00 4.389650570e-04
5.500000000e+00 4.011637350e-04
5.600000000e+00 3.673305655e-04
5.700000000e+00 3.369007982e-04
5.800000000e+00 3.091002796e-04
5.900000000e+00 2.839174033e-04
6.000000000e+00 2.612502656e-04
6.100000000e+00 2.406644448e-04
6.200000000e+00 2.217502779e-04
6.300000000e+00 2.047982907e-04
6.400000000e+00 1.894167122e-04
6.500000000e+00 1.752001806e-04
6.600000000e+00 1.620628570e-04
6.700000000e+00 1.502147279e-04
6.800000000e+00 1.394447627e-04
6.900000000e+00 1.294904659e-04
7.000000000e+00 1.204182982e-04
7.100000000e+00 1.119464074e-04
7.200000000e+00 1.040292198e-04
7.300000000e+00 9.683237104e-05
7.400000000e+00 9.039897042e-05
7.500000000e+00 8.452931646e-05
7.600000000e+00 7.896272767e-05
7.700000000e+00 7.365269955e-05
7.800000000e+00 6.882072201e-05
7.900000000e+00 6.445366950e-05
8.000000000e+00 6.034660779e-05
8.100000000e+00 5.652670109e-05
8.200000000e+00 5.302111469e-05
8.300000000e+00 4.967335492e-05
8.400000000e+00 4.648294763e-05
8.500000000e+00 4.362001448e-05
8.600000000e+00 4.106599807e-05
8.700000000e+00 3.867340171e-05
8.800000000e+00 3.637353179e-05
8.900000000e+00 3.423725769e-05
9.000000000e+00 3.233035475e-05
9.100000000e+00 3.059101677e-05
9.200000000e+00 2.889591052e-05
9.300000000e+00 2.722286116e-05
9.400000000e+00 2.561977461e-05
9.500000000e+00 2.419125988e-05
9.600000000e+00 2.296171499e-05
9.700000000e+00 2.180864864e-05
9.800000000e+00 2.060849636e-05
9.900000000e+00 1.939858345e-05
1.000000000e+01 1.831947801e-05
