1.000000000e+00 6.893086930e-02
1.100000000e+00 8.462173242e-02
1.200000000e+00 9.337446235e-02
1.300000000e+00 9.512555717e-02
1.400000000e+00 9.143312799e-02
1.500000000e+00 8.434875769e-02
1.600000000e+00 7.563218599e-02
1.700000000e+00 6.653651334e-02
1.800000000e+00 5.781264729e-02
1.900000000e+00 4.984251038e-02
2.000000000e+00 4.277215509e-02
2.100000000e+00 3.662915506e-02
2.200000000e+00 3.134273431e-02
2.300000000e+00 2.682905407e-02
2.400000000e+00 2.299449267e-02
2.500000000e+00 1.975579188e-02
2.600000000e+00 1.702041823e-02
2.700000000e+00 1.470321999e-02
2.800000000e+00 1.273453970e-02
2.900000000e+00 1.105635984e-02
3.000000000e+00 9.623695928e-03
3.100000000e+00 8.404200933e-03
3.200000000e+00 7.359685234e-03
3.300000000e+00 6.465180712e-03
3.400000000e+00 5.695940229e-03
3.500000000e+00 5.030891447e-03
3.600000000e+00 4.453616002e-03
3.700000000e+00 3.953145595e-03
3.800000000e+00 3.516564051e-03
3.900000000e+00 3.135051331e-03
4.000000000e+00 2.801849341e-03
4.100000000e+00 2.510646723e-03
4.200000000e+00 2.254333312e-03
4.300000000e+00 2.027364548e-03
4.400000000e+00 1.826910598e-03
4.500000000e+00 1.648954848e-03
4.600000000e+00 1.491253820e-03
4.700000000e+00 1.351628817e-03
4.800000000e+00 1.226742299e-03
4.900000000e+00 1.115339452e-03
5.000000000e+00 1.016509856e-03
5.100000000e+00 9.279441734e-04
5.200000000e+00 8.472885858e-04
5.300000000e+00 7.743692269e-04
5.400000000e+00 7.085300019e-04
5.500000000e+00 6.494615568e-04
5.600000000e+00 5.969717843e-04
5.700000000e+00 5.499725167e-04
5.800000000e+00 5.068262507e-04
5.900000000e+00 4.675042692e-04
6.000000000e+00 4.317557924e-04
6.100000000e+00 3.984964041e-04
6.200000000e+00 3.678966491e-04
6.300000000e+00 3.405494820e-04
6.400000000e+00 3.158238928e-04
6.500000000e+00 2.931196618e-04
6.600000000e+00 2.721043993e-04
6.700000000e+00 2.530551981e-04
6.800000000e+00 2.356572689e-04
6.900000000e+00 2.194451729e-04
7.000000000e+00 2.046068116e-04
7.100000000e+00 1.908068021e-04
7.200000000e+00 1.779564966e-04
7.300000000e+00 1.662956125e-04
7.400000000e+00 1.557377706e-04
7.500000000e+00 1.459614627e-04
7.600000000e+00 1.366188118e-04
7.700000000e+00 1.276750301e-04
7.800000000e+00 1.195342067e-04
7.900000000e+00 1.122180192e-04
8.000000000e+00 1.053935879e-04
8.100000000e+00 9.904022826e-05
8.200000000e+00 9.321672598e-05
8.300000000e+00 8.760173739e-05
8.400000000e+00 8.223421256e-05
8.500000000e+00 7.742430103e-05
8.600000000e+00 7.312871746e-05
8.700000000e+00 6.907064060e-05
8.800000000e+00 6.513550779e-05
8.900000000e+00 6.147748327e-05
9.000000000e+00 5.820032209e-05
9.100000000e+00 5.516539177e-05
9.200000000e+00 5.219511004e-05
9.300000000e+00 4.928060878e-05
9.400000000e+00 4.651604346e-05
9.500000000e+00 4.403770216e-05
9.600000000e+00 4.185073560e-05
9.700000000e+00 3.976996566e-05
9.800000000e+00 3.763667357e-05
9.900000000e+00 3.552998838e-05
1.000000000e+01 3.369311885e-05
