1.000000000e-01 5.082530616e-01
2.000000000e-01 1.229988461e-01
3.000000000e-01 5.190256122e-02
4.000000000e-01 2.728152647e-02
5.000000000e-01 1.613341590e-02
6.000000000e-01 1.029323515e-02
7.000000000e-01 6.946339515e-03
8.000000000e-01 4.905635249e-03
9.000000000e-01 3.598141766e-03
1.000000000e+00 2.720863203e-03
1.100000000e+00 2.104039166e-03
1.200000000e+00 1.649600613e-03
1.300000000e+00 1.300357263e-03
1.400000000e+00 1.023094346e-03
1.500000000e+00 7.986307253e-04
1.600000000e+00 6.157403431e-04
1.700000000e+00 4.674281940e-04
1.800000000e+00 3.487338530e-04
1.900000000e+00 2.555431043e-04
2.000000000e+00 1.840457834e-04
2.100000000e+00 1.305766359e-04
2.200000000e+00 9.165201723e-05
2.300000000e+00 6.407773903e-05
2.400000000e+00 4.505386453e-05
2.500000000e+00 3.224022364e-05
2.600000000e+00 2.377256242e-05
2.700000000e+00 1.823498956e-05
2.800000000e+00 1.460208342e-05
2.900000000e+00 1.216574516e-05
3.000000000e+00 1.045990465e-05
3.100000000e+00 9.192335608e-06
3.200000000e+00 8.188588584e-06
3.300000000e+00 7.349470126e-06
3.400000000e+00 6.621047582e-06
3.500000000e+00 5.974906542e-06
3.600000000e+00 5.395999059e-06
3.700000000e+00 4.875695767e-06
3.800000000e+00 4.408135905e-06
3.900000000e+00 3.988504338e-06
4.000000000e+00 3.612355561e-06
4.100000000e+00 3.275421657e-06
4.200000000e+00 2.973636271e-06
4.300000000e+00 2.703199590e-06
4.400000000e+00 2.460629845e-06
4.500000000e+00 2.242795077e-06
4.600000000e+00 2.046909193e-06
4.700000000e+00 1.870514109e-06
4.800000000e+00 1.711449415e-06
4.900000000e+00 1.567822041e-06
5.000000000e+00 1.437967476e-06
5.100000000e+00 1.320425602e-06
5.200000000e+00 1.213908220e-06
5.300000000e+00 1.117278075e-06
5.400000000e+00 1.029526805e-06
5.500000000e+00 9.497599033e-07
5.600000000e+00 8.771811146e-07
5.700000000e+00 8.110781434e-07
5.800000000e+00 7.508175378e-07
5.900000000e+00 6.958294247e-07
6.000000000e+00 6.456037741e-07
