-3.141592654e+00 9.928757820e-05
-3.041592654e+00 1.002379731e-04
-2.941592654e+00 1.031301724e-04
-2.841592654e+00 1.080883615e-04
-2.741592654e+00 1.153231348e-04
-2.641592654e+00 1.251362367e-04
-2.541592654e+00 1.379257081e-04
-2.441592654e+00 1.541896595e-04
-2.341592654e+00 1.745259664e-04
-2.241592654e+00 1.996241826e-04
-2.141592654e+00 2.302447798e-04
-2.041592654e+00 2.671796596e-04
-1.941592654e+00 3.111876442e-04
-1.841592654e+00 3.628992069e-04
-1.741592654e+00 4.226874324e-04
-1.641592654e+00 4.905078937e-04
-1.541592654e+00 5.657189684e-04
-1.441592654e+00 6.469063676e-04
-1.341592654e+00 7.317493187e-04
-1.241592654e+00 8.169776772e-04
-1.141592654e+00 8.984738974e-04
-1.041592654e+00 9.715649127e-04
-9.415926536e-01 1.031521601e-03
-8.415926536e-01 1.074236519e-03
-7.415926536e-01 1.096990381e-03
-6.415926536e-01 1.099159202e-03
-5.415926536e-01 1.082678633e-03
-4.415926536e-01 1.052091582e-03
-3.415926536e-01 1.014072166e-03
-2.415926536e-01 9.764374939e-04
-1.415926536e-01 9.468008222e-04
-4.159265359e-02 9.311412121e-04
5.840734641e-02 9.326204154e-04
1.584073464e-01 9.509396217e-04
2.584073464e-01 9.824007295e-04
3.584073464e-01 1.020656308e-03
4.584073464e-01 1.057957017e-03
5.584073464e-01 1.086590617e-03
6.584073464e-01 1.100185037e-03
7.584073464e-01 1.094617343e-03
8.584073464e-01 1.068398803e-03
9.584073464e-01 1.022547166e-03
1.058407346e+00 9.600683939e-04
1.158407346e+00 8.852272134e-04
1.258407346e+00 8.027866378e-04
1.358407346e+00 7.173556676e-04
1.458407346e+00 6.329241825e-04
1.558407346e+00 5.526052268e-04
1.658407346e+00 4.785610004e-04
1.758407346e+00 4.120648156e-04
1.858407346e+00 3.536450987e-04
1.958407346e+00 3.032638166e-04
2.058407346e+00 2.604941669e-04
2.158407346e+00 2.246759954e-04
2.258407346e+00 1.950391477e-04
2.358407346e+00 1.707932614e-04
2.458407346e+00 1.511876143e-04
2.558407346e+00 1.355470288e-04
2.658407346e+00 1.232901096e-04
2.758407346e+00 1.139357013e-04
2.858407346e+00 1.071022838e-04
2.958407346e+00 1.025038065e-04
3.058407346e+00 9.994450579e-05
