1.000000000e-01 6.167139598e-05
2.000000000e-01 4.505323694e-04
3.000000000e-01 1.303819856e-03
4.000000000e-01 2.482240760e-03
5.000000000e-01 3.642191553e-03
6.000000000e-01 4.428959976e-03
7.000000000e-01 4.665431581e-03
8.000000000e-01 4.410641406e-03
9.000000000e-01 3.866761423e-03
1.000000000e+00 3.230424060e-03
1.100000000e+00 2.606001157e-03
1.200000000e+00 2.018072056e-03
1.300000000e+00 1.471060336e-03
1.400000000e+00 9.870320801e-04
1.500000000e+00 5.995261170e-04
1.600000000e+00 3.281284575e-04
1.700000000e+00 1.649055749e-04
1.800000000e+00 8.131921621e-05
1.900000000e+00 4.446129175e-05
2.000000000e+00 2.922267007e-05
2.100000000e+00 2.162565549e-05
2.200000000e+00 1.612669944e-05
2.300000000e+00 1.147279476e-05
2.400000000e+00 7.762782729e-06
2.500000000e+00 5.136632839e-06
2.600000000e+00 3.488024885e-06
2.700000000e+00 2.560910917e-06
2.800000000e+00 2.085940735e-06
2.900000000e+00 1.853875002e-06
3.000000000e+00 1.730938549e-06
3.100000000e+00 1.644957579e-06
3.200000000e+00 1.563998995e-06
3.300000000e+00 1.478153276e-06
3.400000000e+00 1.387350510e-06
3.500000000e+00 1.294654179e-06
3.600000000e+00 1.203227817e-06
3.700000000e+00 1.115343278e-06
3.800000000e+00 1.032327420e-06
3.900000000e+00 9.547673822e-07
4.000000000e+00 8.828005200e-07
4.100000000e+00 8.163011862e-07
4.200000000e+00 7.550071607e-07
4.300000000e+00 6.985941048e-07
4.400000000e+00 6.467144065e-07
4.500000000e+00 5.990213403e-07
4.600000000e+00 5.551803350e-07
4.700000000e+00 5.148726744e-07
4.800000000e+00 4.778058647e-07
4.900000000e+00 4.437026930e-07
5.000000000e+00 4.123116482e-07
5.100000000e+00 3.833996239e-07
5.200000000e+00 3.567561331e-07
5.300000000e+00 3.321860036e-07
5.400000000e+00 3.095135248e-07
5.500000000e+00 2.885769867e-07
5.600000000e+00 2.692309714e-07
5.700000000e+00 2.513419103e-07
5.800000000e+00 2.347878303e-07
5.900000000e+00 2.194583975e-07
6.000000000e+00 2.052522478e-07
