1.000000000e+00 7.694947458e-02
1.100000000e+00 8.153882358e-02
1.200000000e+00 7.983592869e-02
1.300000000e+00 7.416889135e-02
1.400000000e+00 6.661943961e-02
1.500000000e+00 5.858193008e-02
1.600000000e+00 5.086469152e-02
1.700000000e+00 4.384871365e-02
1.800000000e+00 3.767482608e-02
1.900000000e+00 3.235735981e-02
2.000000000e+00 2.780686129e-02
2.100000000e+00 2.392962834e-02
2.200000000e+00 2.063819283e-02
2.300000000e+00 1.786330490e-02
2.400000000e+00 1.551405761e-02
2.500000000e+00 1.351676437e-02
2.600000000e+00 1.180978092e-02
2.700000000e+00 1.034955706e-02
2.800000000e+00 9.107107161e-03
2.900000000e+00 8.039810629e-03
3.000000000e+00 7.119305435e-03
3.100000000e+00 6.321914491e-03
3.200000000e+00 5.627248838e-03
3.300000000e+00 5.020807745e-03
3.400000000e+00 4.497906470e-03
3.500000000e+00 4.040484426e-03
3.600000000e+00 3.635957082e-03
3.700000000e+00 3.278397474e-03
3.800000000e+00 2.963621979e-03
3.900000000e+00 2.682885581e-03
4.000000000e+00 2.434884220e-03
4.100000000e+00 2.215599432e-03
4.200000000e+00 2.020499333e-03
4.300000000e+00 1.845010801e-03
4.400000000e+00 1.688726842e-03
4.500000000e+00 1.547536660e-03
4.600000000e+00 1.421649555e-03
4.700000000e+00 1.308839117e-03
4.800000000e+00 1.203633835e-03
4.900000000e+00 1.109587974e-03
5.000000000e+00 1.025995463e-03
5.100000000e+00 9.485921408e-04
5.200000000e+00 8.782151629e-04
5.300000000e+00 8.153304316e-04
5.400000000e+00 7.570190972e-04
5.500000000e+00 7.033311611e-04
5.600000000e+00 6.551268609e-04
5.700000000e+00 6.116472108e-04
5.800000000e+00 5.709853268e-04
5.900000000e+00 5.334191829e-04
6.000000000e+00 4.980182350e-04
6.100000000e+00 4.653853306e-04
6.200000000e+00 4.353401178e-04
6.300000000e+00 4.078501054e-04
6.400000000e+00 3.822828583e-04
6.500000000e+00 3.590720570e-04
6.600000000e+00 3.380145707e-04
6.700000000e+00 3.180483677e-04
6.800000000e+00 2.996696253e-04
6.900000000e+00 2.825916742e-04
7.000000000e+00 2.667382114e-04
7.100000000e+00 2.518993854e-04
7.200000000e+00 2.377157698e-04
7.300000000e+00 2.247093454e-04
7.400000000e+00 2.127709576e-04
7.500000000e+00 2.014448113e-04
7.600000000e+00 1.905959448e-04
7.700000000e+00 1.803750943e-04
7.800000000e+00 1.709700112e-04
7.900000000e+00 1.621437306e-04
8.000000000e+00 1.537282642e-04
8.100000000e+00 1.458258503e-04
8.200000000e+00 1.385130836e-04
8.300000000e+00 1.315964516e-04
8.400000000e+00 1.248598304e-04
8.500000000e+00 1.185311672e-04
8.600000000e+00 1.128740207e-04
8.700000000e+00 1.076910262e-04
8.800000000e+00 1.027369450e-04
8.900000000e+00 9.810800231e-05
9.000000000e+00 9.388179692e-05
9.100000000e+00 8.999922841e-05
9.200000000e+00 8.636313133e-05
9.300000000e+00 8.288042472e-05
9.400000000e+00 7.941861021e-05
9.500000000e+00 7.601154681e-05
9.600000000e+00 7.279215640e-05
9.700000000e+00 6.969725893e-05
9.800000000e+00 6.657899070e-05
9.900000000e+00 6.343629092e-05
1.000000000e+01 6.043738783e-05
