1.000000000e+00 7.844449005e-02
1.100000000e+00 8.640197871e-02
1.200000000e+00 8.758624532e-02
1.300000000e+00 8.391561225e-02
1.400000000e+00 7.741756650e-02
1.500000000e+00 6.967615402e-02
1.600000000e+00 6.171318178e-02
1.700000000e+00 5.413188566e-02
1.800000000e+00 4.722495602e-02
1.900000000e+00 4.108407157e-02
2.000000000e+00 3.570223813e-02
2.100000000e+00 3.104712624e-02
2.200000000e+00 2.702979336e-02
2.300000000e+00 2.357680420e-02
2.400000000e+00 2.061436648e-02
2.500000000e+00 1.807629594e-02
2.600000000e+00 1.589261086e-02
2.700000000e+00 1.400838969e-02
2.800000000e+00 1.238125221e-02
2.900000000e+00 1.097358187e-02
3.000000000e+00 9.753505348e-03
3.100000000e+00 8.697064061e-03
3.200000000e+00 7.772199659e-03
3.300000000e+00 6.960504534e-03
3.400000000e+00 6.251457244e-03
3.500000000e+00 5.629175983e-03
3.600000000e+00 5.077297341e-03
3.700000000e+00 4.589715051e-03
3.800000000e+00 4.160192465e-03
3.900000000e+00 3.776641660e-03
4.000000000e+00 3.436374960e-03
4.100000000e+00 3.132760023e-03
4.200000000e+00 2.861623039e-03
4.300000000e+00 2.616915328e-03
4.400000000e+00 2.397979652e-03
4.500000000e+00 2.201362475e-03
4.600000000e+00 2.026234129e-03
4.700000000e+00 1.868509269e-03
4.800000000e+00 1.721866549e-03
4.900000000e+00 1.589935958e-03
5.000000000e+00 1.471453769e-03
5.100000000e+00 1.362065439e-03
5.200000000e+00 1.262074469e-03
5.300000000e+00 1.172717982e-03
5.400000000e+00 1.089840028e-03
5.500000000e+00 1.013742971e-03
5.600000000e+00 9.456589779e-04
5.700000000e+00 8.838845498e-04
5.800000000e+00 8.263235363e-04
5.900000000e+00 7.728454456e-04
6.000000000e+00 7.223765816e-04
6.100000000e+00 6.755266901e-04
6.200000000e+00 6.325520632e-04
6.300000000e+00 5.932743546e-04
6.400000000e+00 5.566649206e-04
6.500000000e+00 5.233535184e-04
6.600000000e+00 4.928983593e-04
6.700000000e+00 4.641094909e-04
6.800000000e+00 4.377859064e-04
6.900000000e+00 4.133930171e-04
7.000000000e+00 3.905746361e-04
7.100000000e+00 3.690432024e-04
7.200000000e+00 3.484077801e-04
7.300000000e+00 3.294655518e-04
7.400000000e+00 3.121591113e-04
7.500000000e+00 2.958699150e-04
7.600000000e+00 2.801932218e-04
7.700000000e+00 2.652781340e-04
7.800000000e+00 2.514939037e-04
7.900000000e+00 2.386136839e-04
8.000000000e+00 2.264423754e-04
8.100000000e+00 2.149930016e-04
8.200000000e+00 2.043792023e-04
8.300000000e+00 1.943240395e-04
8.400000000e+00 1.846171792e-04
8.500000000e+00 1.755632576e-04
8.600000000e+00 1.674248699e-04
8.700000000e+00 1.598593663e-04
8.800000000e+00 1.525839880e-04
8.900000000e+00 1.458011619e-04
9.000000000e+00 1.395510760e-04
9.100000000e+00 1.336473232e-04
9.200000000e+00 1.280087361e-04
9.300000000e+00 1.226189664e-04
9.400000000e+00 1.174026420e-04
9.500000000e+00 1.124154720e-04
9.600000000e+00 1.077838739e-04
9.700000000e+00 1.033867380e-04
9.800000000e+00 9.900486207e-05
9.900000000e+00 9.457779406e-05
1.000000000e+01 9.030691216e-05
