1.000000000e-06 9.886640175e-12
1.047250000e-06 1.055550505e-11
1.096732562e-06 1.153783484e-11
1.148553176e-06 1.258449569e-11
1.202822314e-06 1.373793557e-11
1.259655668e-06 1.498960169e-11
1.319174398e-06 1.635078680e-11
1.381505389e-06 1.784607944e-11
1.446781518e-06 1.947328231e-11
1.515141945e-06 2.124922317e-11
1.586732402e-06 2.318865071e-11
1.661705508e-06 2.530675883e-11
1.740221093e-06 2.761878723e-11
1.822446540e-06 3.014666613e-11
1.908557139e-06 3.291046097e-11
1.998736464e-06 3.593702261e-11
2.093176761e-06 3.925897743e-11
2.192079363e-06 4.287292745e-11
2.295655113e-06 4.681830255e-11
2.404124817e-06 5.112040386e-11
2.517719715e-06 5.581301887e-11
2.636681972e-06 6.092658447e-11
2.761265195e-06 6.651173697e-11
2.891734975e-06 7.259975755e-11
3.028369453e-06 7.923743014e-11
3.171459909e-06 8.648587876e-11
3.321311390e-06 9.437131334e-11
3.478243353e-06 1.029830952e-10
3.642590352e-06 1.123757705e-10
3.814702746e-06 1.226127278e-10
3.994947451e-06 1.337835226e-10
4.183708718e-06 1.459551353e-10
4.381388955e-06 1.592324606e-10
4.588409583e-06 1.737102108e-10
4.805211935e-06 1.894997246e-10
5.032258199e-06 2.067125876e-10
5.270032399e-06 2.254863522e-10
5.519041430e-06 2.459494832e-10
5.779816138e-06 2.682633487e-10
6.052912450e-06 2.925919084e-10
6.338912564e-06 3.191193233e-10
6.638426182e-06 3.480301297e-10
6.952091819e-06 3.795588653e-10
7.280578158e-06 4.139312630e-10
7.624585476e-06 4.513876158e-10
7.984847139e-06 4.922197389e-10
8.362131167e-06 5.367514728e-10
8.757241864e-06 5.852876338e-10
9.171021543e-06 6.381921852e-10
9.604352310e-06 6.958723456e-10
1.005815796e-05 7.587296942e-10
1.053340592e-05 8.272198756e-10
1.103110935e-05 9.018885730e-10
1.155232927e-05 9.832819743e-10
1.209817683e-05 1.071973663e-09
1.266981568e-05 1.168651772e-09
1.326846447e-05 1.274017587e-09
1.389539942e-05 1.388808352e-09
1.455195704e-05 1.513944569e-09
1.523953701e-05 1.650274331e-09
1.595960513e-05 1.798936855e-09
1.671369648e-05 1.960778223e-09
1.750341863e-05 2.137236220e-09
1.833045516e-05 2.329431719e-09
1.919656917e-05 2.538904897e-09
2.010360706e-05 2.767127390e-09
2.105350250e-05 3.015793559e-09
2.204828049e-05 3.286709201e-09
2.309006174e-05 3.581851403e-09
2.418106716e-05 3.903402606e-09
2.532362259e-05 4.253699847e-09
2.652016375e-05 4.635236967e-09
2.777324149e-05 5.051000369e-09
2.908552715e-05 5.503882564e-09
3.045981831e-05 5.997277648e-09
3.189904472e-05 6.534405336e-09
3.340627459e-05 7.119790419e-09
3.498472106e-05 7.757097055e-09
3.663774913e-05 8.451313179e-09
3.836888278e-05 9.207451577e-09
4.018181249e-05 1.003098211e-08
4.208040313e-05 1.092781294e-08
4.406870218e-05 1.190450025e-08
4.615094835e-05 1.296797419e-08
4.833158066e-05 1.412589566e-08
5.061524785e-05 1.538729745e-08
5.300681831e-05 1.676069140e-08
5.551139048e-05 1.825572119e-08
5.813430368e-05 1.988370304e-08
6.088114953e-05 2.165642645e-08
6.375778384e-05 2.358640056e-08
6.677033913e-05 2.568755590e-08
6.992523765e-05 2.797470425e-08
7.322920513e-05 3.046478474e-08
7.668928507e-05 3.317535893e-08
8.031285379e-05 3.612591183e-08
8.410763613e-05 3.933801582e-08
8.808172194e-05 4.283356207e-08
9.224358330e-05 4.663882258e-08
9.660209261e-05 5.078041183e-08
1.011665415e-04 5.528737407e-08
1.059466606e-04 6.019198623e-08
1.109526403e-04 6.553146126e-08
1.161951525e-04 7.134189334e-08
1.216853735e-04 7.766296306e-08
1.274350074e-04 8.454211122e-08
1.334563115e-04 9.202778834e-08
1.397621222e-04 1.001728448e-07
1.463658825e-04 1.090320495e-07
1.532816704e-04 1.186732242e-07
1.605242294e-04 1.291622662e-07
1.681089992e-04 1.405725242e-07
1.760521494e-04 1.529884150e-07
1.843706135e-04 1.664884580e-07
1.930821250e-04 1.811765168e-07
2.022052554e-04 1.971537935e-07
2.117594537e-04 2.145273704e-07
2.217650879e-04 2.334284661e-07
2.322434883e-04 2.539826552e-07
2.432169931e-04 2.763354866e-07
2.547089960e-04 3.006458141e-07
2.667439961e-04 3.270805856e-07
2.793476499e-04 3.558294055e-07
2.925468263e-04 3.870782543e-07
3.063696639e-04 4.210593163e-07
3.208456305e-04 4.580096127e-07
3.360055866e-04 4.981582504e-07
3.518818505e-04 5.418427961e-07
3.685082680e-04 5.893371378e-07
3.859202836e-04 6.409142641e-07
4.041550170e-04 6.970004135e-07
4.232513416e-04 7.579221694e-07
4.432499675e-04 8.242204260e-07
4.641935284e-04 8.962499964e-07
4.861266726e-04 9.745195677e-07
5.090961579e-04 1.059569298e-06
5.331509514e-04 1.151980907e-06
5.583423338e-04 1.252349697e-06
5.847240091e-04 1.361510162e-06
6.123522185e-04 1.480074282e-06
6.412858609e-04 1.608869753e-06
6.715866178e-04 1.748771880e-06
7.033190855e-04 1.900733233e-06
7.365509123e-04 2.065876159e-06
7.713529429e-04 2.245235459e-06
8.077993694e-04 2.439951901e-06
8.459678896e-04 2.651500229e-06
8.859398724e-04 2.881191470e-06
9.278005314e-04 3.130762118e-06
9.716391065e-04 3.401593098e-06
1.017549054e-03 3.695735637e-06
1.065628247e-03 4.014917300e-06
1.115979182e-03 4.361824653e-06
1.168709198e-03 4.738175795e-06
1.223930708e-03 5.146921819e-06
1.281761434e-03 5.590398772e-06
1.342324661e-03 6.071609383e-06
1.405749502e-03 6.594393480e-06
1.472171166e-03 7.161214289e-06
1.541731253e-03 7.776529807e-06
1.614578055e-03 8.444532158e-06
1.690866868e-03 9.168631263e-06
1.770760327e-03 9.955080360e-06
1.854428753e-03 1.080779146e-05
1.942050512e-03 1.173276733e-05
2.033812398e-03 1.273623969e-05
2.129910034e-03 1.382496199e-05
2.230548283e-03 1.500526876e-05
2.335941690e-03 1.628615951e-05
2.446314934e-03 1.767419054e-05
2.561903315e-03 1.917996806e-05
2.682953247e-03 2.081289022e-05
2.809722788e-03 2.258208749e-05
2.942482189e-03 2.450162710e-05
3.081514473e-03 2.658181918e-05
3.227116032e-03 2.883625336e-05
3.379597264e-03 3.127954499e-05
3.539283235e-03 3.392818411e-05
3.706514368e-03 3.679828807e-05
3.881647171e-03 3.990826508e-05
4.065055000e-03 4.327806958e-05
4.257128849e-03 4.692990242e-05
4.458278187e-03 5.088286337e-05
4.668931832e-03 5.516732363e-05
4.889538861e-03 5.980955311e-05
5.120569572e-03 6.483235497e-05
5.362516484e-03 7.027165045e-05
5.615895388e-03 7.616258557e-05
5.881246445e-03 8.254259305e-05
6.159135339e-03 8.945009078e-05
6.450154484e-03 9.692536655e-05
6.754924284e-03 1.050193241e-04
7.074094456e-03 1.137778298e-04
7.408345419e-03 1.232577859e-04
7.758389740e-03 1.335121447e-04
8.124973655e-03 1.446091461e-04
8.508878661e-03 1.566128159e-04
8.910923177e-03 1.695950286e-04
9.331964297e-03 1.836486427e-04
9.772899610e-03 1.988341590e-04
1.023466912e-02 2.152688958e-04
1.071825723e-02 2.330235634e-04
1.122469489e-02 2.522356159e-04
1.175506172e-02 2.729884286e-04
1.231048839e-02 2.954306182e-04
1.289215896e-02 3.196756675e-04
1.350131347e-02 3.458792686e-04
1.413925054e-02 3.741982115e-04
1.480733012e-02 4.047885815e-04
1.550697647e-02 4.378354209e-04
1.623968111e-02 4.735182380e-04
1.700700604e-02 5.120700482e-04
1.781058708e-02 5.537020019e-04
1.865213732e-02 5.986268787e-04
1.953345081e-02 6.471121377e-04
2.045640636e-02 6.994544434e-04
2.142297156e-02 7.559733236e-04
2.243520696e-02 8.169448924e-04
2.349527049e-02 8.827144783e-04
2.460542202e-02 9.536698968e-04
2.576802821e-02 1.030216576e-03
2.698556755e-02 1.112745628e-03
2.826063561e-02 1.201738798e-03
2.959595065e-02 1.297684212e-03
3.099435931e-02 1.401080294e-03
3.245884279e-02 1.512484083e-03
3.399252311e-02 1.632574059e-03
3.559866983e-02 1.761955556e-03
3.728070698e-02 1.901286177e-03
3.904222038e-02 2.051421625e-03
4.088696530e-02 2.213040835e-03
4.281887441e-02 2.386949088e-03
4.484206622e-02 2.574185106e-03
4.696085385e-02 2.775782303e-03
4.917975420e-02 2.992591938e-03
5.150349758e-02 3.225868885e-03
5.393703784e-02 3.476681152e-03
5.648556288e-02 3.746573837e-03
5.915450573e-02 4.036684658e-03
6.194955612e-02 4.348499299e-03
6.487667265e-02 4.683547469e-03
6.794209543e-02 5.043507564e-03
7.115235944e-02 5.430133459e-03
7.451430843e-02 5.845450116e-03
7.803510950e-02 6.291119478e-03
8.172226842e-02 6.769795732e-03
8.558364561e-02 7.283481557e-03
8.962747286e-02 7.834440563e-03
9.386237095e-02 8.425761215e-03
9.829736798e-02 9.059347253e-03
1.029419186e-01 9.738729891e-03
1.078059243e-01 1.046670216e-02
1.128997542e-01 1.124692924e-02
1.182342676e-01 1.208283239e-02
1.238208367e-01 1.297789959e-02
1.296713713e-01 1.393567409e-02
1.357983436e-01 1.496118899e-02
1.422148153e-01 1.605822077e-02
1.489344653e-01 1.723107823e-02
1.559716188e-01 1.848589874e-02
1.633412778e-01 1.982619236e-02
1.710591532e-01 2.125849237e-02
1.791416981e-01 2.278906847e-02
1.876061434e-01 2.442248913e-02
1.964705337e-01 2.616547529e-02
2.057537664e-01 2.802524802e-02
2.154756318e-01 3.000988433e-02
2.256568554e-01 3.212510045e-02
2.363191419e-01 3.437761555e-02
2.474852213e-01 3.677969087e-02
2.591788980e-01 3.933515641e-02
2.714251009e-01 4.205547651e-02
2.842499370e-01 4.494807026e-02
2.976807465e-01 4.802424728e-02
3.117461618e-01 5.129390760e-02
3.264761679e-01 5.476578155e-02
3.419021668e-01 5.845301828e-02
3.580570442e-01 6.236687926e-02
3.749752396e-01 6.651640136e-02
3.926928196e-01 7.091321721e-02
4.112475553e-01 7.557146514e-02
4.306790023e-01 8.050394009e-02
4.510285852e-01 8.572304274e-02
4.723396858e-01 9.124088658e-02
4.946577360e-01 9.707217430e-02
5.180303140e-01 1.032311556e-01
5.425072464e-01 1.097284554e-01
5.681407138e-01 1.165794244e-01
5.949853625e-01 1.237990576e-01
6.230984209e-01 1.314003519e-01
6.525398212e-01 1.393989943e-01
6.833723278e-01 1.478046732e-01
7.156616703e-01 1.566340701e-01
7.494766842e-01 1.658982810e-01
7.848894575e-01 1.756125545e-01
8.219754844e-01 1.857878038e-01
8.608138261e-01 1.964350019e-01
9.014872793e-01 2.075620738e-01
9.440825533e-01 2.191808135e-01
9.886904539e-01 2.313026238e-01
1.035406078e+00 2.439299274e-01
1.084329015e+00 2.570730613e-01
1.135563561e+00 2.707316121e-01
1.189218939e+00 2.849096716e-01
1.245409534e+00 2.996092188e-01
1.304255135e+00 3.148231886e-01
1.365881190e+00 3.305492131e-01
1.430419076e+00 3.467815483e-01
1.498006377e+00 3.635090493e-01
1.568787179e+00 3.807181350e-01
1.642912373e+00 3.983942556e-01
1.720539982e+00 4.165168954e-01
1.801835497e+00 4.350574074e-01
1.886972224e+00 4.539994955e-01
1.976131661e+00 4.733041854e-01
2.069503882e+00 4.926436694e-01
2.167287941e+00 5.128733435e-01
2.269692296e+00 5.330567811e-01
2.376935257e+00 5.534409968e-01
2.489245448e+00 5.739902989e-01
2.606862295e+00 5.946308790e-01
2.730036539e+00 6.153196439e-01
2.859030765e+00 6.359951749e-01
2.994119969e+00 6.565906188e-01
3.135592137e+00 6.770346795e-01
3.283748866e+00 6.971978635e-01
3.438906000e+00 7.172464181e-01
3.601394308e+00 7.368907809e-01
3.771560189e+00 7.561098979e-01
3.949766408e+00 7.748543237e-01
4.136392871e+00 7.930484691e-01
4.331837434e+00 8.106419121e-01
4.536516753e+00 8.275655175e-01
4.750867170e+00 8.437739482e-01
4.975345643e+00 8.592109433e-01
5.210430725e+00 8.738355865e-01
5.456623577e+00 8.876100931e-01
5.714449041e+00 9.005091324e-01
5.984456758e+00 9.125129629e-01
6.267222340e+00 9.236056295e-01
6.563348595e+00 9.337863500e-01
6.873466817e+00 9.430611049e-01
7.198238124e+00 9.514447548e-01
7.538354875e+00 9.589580433e-01
7.894542143e+00 9.656359574e-01
8.267559259e+00 9.715143090e-01
8.658201434e+00 9.766381322e-01
9.067301452e+00 9.810583499e-01
9.495731445e+00 9.848292068e-01
9.944404756e+00 9.880077665e-01
1.041427788e+01 9.906537967e-01
1.090635251e+01 9.928260303e-01
1.142167767e+01 9.945818868e-01
1.196135194e+01 9.959420384e-01
1.252652582e+01 9.969838590e-01
1.311840416e+01 9.977893271e-01
1.373824876e+01 9.984036393e-01
1.438738101e+01 9.988650438e-01
1.506718476e+01 9.992061832e-01
1.577910924e+01 9.994541806e-01
1.652467216e+01 9.996313443e-01
1.730546291e+01 9.997555911e-01
1.812314604e+01 9.998410812e-01
1.897946469e+01 9.998987420e-01
1.987624439e+01 9.999368299e-01
2.081539694e+01 9.999614460e-01
2.179892445e+01 9.999770005e-01
2.282892363e+01 9.999865981e-01
2.390759027e+01 9.999923747e-01
2.503722391e+01 9.999957459e-01
2.622023274e+01 9.999967327e-01
2.745913874e+01 9.999968594e-01
2.875658304e+01 9.999969916e-01
3.011533159e+01 9.999969944e-01
3.153828101e+01 9.999970102e-01
3.302846479e+01 9.999973050e-01
3.458905975e+01 1.000000000e+00
3.622339282e+01 1.000000000e+00
3.793494813e+01 1.000000000e+00
3.972737443e+01 1.000000000e+00
4.160449287e+01 1.000000000e+00
4.357030516e+01 1.000000000e+00
4.562900208e+01 1.000000000e+00
4.778497243e+01 1.000000000e+00
5.004281237e+01 1.000000000e+00
5.240733526e+01 1.000000000e+00
5.488358185e+01 1.000000000e+00
5.747683109e+01 1.000000000e+00
6.019261136e+01 1.000000000e+00
6.303671225e+01 1.000000000e+00
6.601519690e+01 1.000000000e+00
6.913441495e+01 1.000000000e+00
7.240101606e+01 1.000000000e+00
7.582196407e+01 1.000000000e+00
7.940455187e+01 1.000000000e+00
8.315641695e+01 1.000000000e+00
8.708555765e+01 1.000000000e+00
9.120035025e+01 1.000000000e+00
9.550956680e+01 1.000000000e+00
