1.000000000e+00 6.837605258e-02
1.100000000e+00 8.410307716e-02
1.200000000e+00 9.297533929e-02
1.300000000e+00 9.486519268e-02
1.400000000e+00 9.127768067e-02
1.500000000e+00 8.423968107e-02
1.600000000e+00 7.551691280e-02
1.700000000e+00 6.638111605e-02
1.800000000e+00 5.759968398e-02
1.900000000e+00 4.957039235e-02
2.000000000e+00 4.244677870e-02
2.100000000e+00 3.626235190e-02
2.200000000e+00 3.094701441e-02
2.300000000e+00 2.641850600e-02
2.400000000e+00 2.258022057e-02
2.500000000e+00 1.934587401e-02
2.600000000e+00 1.662108717e-02
2.700000000e+00 1.431819641e-02
2.800000000e+00 1.236639555e-02
2.900000000e+00 1.070762051e-02
3.000000000e+00 9.295575919e-03
3.100000000e+00 8.097714840e-03
3.200000000e+00 7.076394695e-03
3.300000000e+00 6.203763935e-03
3.400000000e+00 5.455668141e-03
3.500000000e+00 4.810166495e-03
3.600000000e+00 4.250173737e-03
3.700000000e+00 3.765294463e-03
3.800000000e+00 3.344002628e-03
3.900000000e+00 2.977761145e-03
4.000000000e+00 2.658985435e-03
4.100000000e+00 2.380448543e-03
4.200000000e+00 2.136599029e-03
4.300000000e+00 1.920233148e-03
4.400000000e+00 1.728378252e-03
4.500000000e+00 1.558645224e-03
4.600000000e+00 1.409233831e-03
4.700000000e+00 1.277108785e-03
4.800000000e+00 1.158349853e-03
4.900000000e+00 1.053606048e-03
5.000000000e+00 9.615217850e-04
5.100000000e+00 8.774141510e-04
5.200000000e+00 8.007164481e-04
5.300000000e+00 7.321371617e-04
5.400000000e+00 6.702765608e-04
5.500000000e+00 6.151639135e-04
5.600000000e+00 5.663907365e-04
5.700000000e+00 5.221991640e-04
5.800000000e+00 4.815260996e-04
5.900000000e+00 4.444136922e-04
6.000000000e+00 4.101808924e-04
6.100000000e+00 3.788235593e-04
6.200000000e+00 3.503680062e-04
6.300000000e+00 3.247358051e-04
6.400000000e+00 3.013691999e-04
6.500000000e+00 2.802743068e-04
6.600000000e+00 2.609901054e-04
6.700000000e+00 2.429525648e-04
6.800000000e+00 2.264398957e-04
6.900000000e+00 2.110360554e-04
7.000000000e+00 1.969313611e-04
7.100000000e+00 1.843443226e-04
7.200000000e+00 1.726303668e-04
7.300000000e+00 1.614628611e-04
7.400000000e+00 1.510736888e-04
7.500000000e+00 1.416520340e-04
7.600000000e+00 1.328387047e-04
7.700000000e+00 1.245046823e-04
7.800000000e+00 1.169852610e-04
7.900000000e+00 1.102281618e-04
8.000000000e+00 1.039645670e-04
8.100000000e+00 9.803413860e-05
8.200000000e+00 9.247350397e-05
8.300000000e+00 8.720734117e-05
8.400000000e+00 8.222541779e-05
8.500000000e+00 7.756129072e-05
8.600000000e+00 7.315492332e-05
8.700000000e+00 6.904107937e-05
8.800000000e+00 6.527739837e-05
8.900000000e+00 6.177656868e-05
9.000000000e+00 5.846999270e-05
9.100000000e+00 5.542009451e-05
9.200000000e+00 5.260299243e-05
9.300000000e+00 4.989065467e-05
9.400000000e+00 4.725256736e-05
9.500000000e+00 4.484367107e-05
9.600000000e+00 4.270802839e-05
9.700000000e+00 4.066761131e-05
9.800000000e+00 3.862088309e-05
9.900000000e+00 3.664465080e-05
1.000000000e+01 3.488859777e-05
