1.000000000e+00 2.450244181e-03
1.100000000e+00 1.813049330e-03
1.200000000e+00 1.360981976e-03
1.300000000e+00 1.034599178e-03
1.400000000e+00 7.961367118e-04
1.500000000e+00 5.994492915e-04
1.600000000e+00 4.569083731e-04
1.700000000e+00 3.508120661e-04
1.800000000e+00 2.720805515e-04
1.900000000e+00 2.130400002e-04
2.000000000e+00 1.681014870e-04
2.100000000e+00 1.339349396e-04
2.200000000e+00 1.074708367e-04
2.300000000e+00 8.706713521e-05
2.400000000e+00 7.093588249e-05
2.500000000e+00 5.818327048e-05
2.600000000e+00 4.803115849e-05
2.700000000e+00 3.990426682e-05
2.800000000e+00 3.344220536e-05
2.900000000e+00 2.811330331e-05
3.000000000e+00 2.370125154e-05
3.100000000e+00 2.012552541e-05
3.200000000e+00 1.714300198e-05
3.300000000e+00 1.469748095e-05
3.400000000e+00 1.263423344e-05
3.500000000e+00 1.090270197e-05
3.600000000e+00 9.468952557e-06
3.700000000e+00 8.140641096e-06
3.800000000e+00 7.159001672e-06
3.900000000e+00 6.266513322e-06
4.000000000e+00 5.499220283e-06
4.100000000e+00 4.888981403e-06
4.200000000e+00 4.293057255e-06
4.300000000e+00 3.789211503e-06
4.400000000e+00 3.410803019e-06
4.500000000e+00 3.016714663e-06
4.600000000e+00 2.675211478e-06
4.700000000e+00 2.407126284e-06
4.800000000e+00 2.170648260e-06
4.900000000e+00 1.944545844e-06
5.000000000e+00 1.766057766e-06
5.100000000e+00 1.578497112e-06
5.200000000e+00 1.415767731e-06
5.300000000e+00 1.271192668e-06
5.400000000e+00 1.160803509e-06
5.500000000e+00 1.063705286e-06
5.600000000e+00 9.600478488e-07
5.700000000e+00 8.600859031e-07
5.800000000e+00 8.024839880e-07
5.900000000e+00 7.305875382e-07
6.000000000e+00 6.763453993e-07
6.100000000e+00 6.206488472e-07
6.200000000e+00 5.604445640e-07
6.300000000e+00 5.323420412e-07
6.400000000e+00 4.783167919e-07
6.500000000e+00 4.446104839e-07
6.600000000e+00 4.001628798e-07
6.700000000e+00 3.738783290e-07
6.800000000e+00 3.530595113e-07
6.900000000e+00 3.255061804e-07
7.000000000e+00 2.994986942e-07
7.100000000e+00 2.764851802e-07
7.200000000e+00 2.649042418e-07
7.300000000e+00 2.494970439e-07
7.400000000e+00 2.231824549e-07
7.500000000e+00 2.079594313e-07
7.600000000e+00 1.909433678e-07
7.700000000e+00 1.876731681e-07
7.800000000e+00 1.816616748e-07
7.900000000e+00 1.673868383e-07
8.000000000e+00 1.430771993e-07
