1.000000000e-06 7.917788016e-12
1.047250000e-06 8.452992868e-12
1.096732562e-06 9.244085025e-12
1.148553176e-06 1.008854301e-11
1.202822314e-06 1.101933471e-11
1.259655668e-06 1.203018367e-11
1.319174398e-06 1.313148621e-11
1.381505389e-06 1.433910085e-11
1.446781518e-06 1.565542037e-11
1.515141945e-06 1.709289070e-11
1.586732402e-06 1.866341567e-11
1.661705508e-06 2.037983687e-11
1.740221093e-06 2.225445964e-11
1.822446540e-06 2.430457920e-11
1.908557139e-06 2.654739258e-11
1.998736464e-06 2.900422197e-11
2.093176761e-06 3.170115729e-11
2.192079363e-06 3.463826115e-11
2.295655113e-06 3.784605511e-11
2.404124817e-06 4.134621792e-11
2.517719715e-06 4.516665422e-11
2.636681972e-06 4.933264622e-11
2.761265195e-06 5.388522354e-11
2.891734975e-06 5.885130130e-11
3.028369453e-06 6.426921354e-11
3.171459909e-06 7.018944617e-11
3.321311390e-06 7.663485620e-11
3.478243353e-06 8.367796850e-11
3.642590352e-06 9.136485885e-11
3.814702746e-06 9.974859116e-11
3.994947451e-06 1.089030710e-10
4.183708718e-06 1.188846840e-10
4.381388955e-06 1.297804654e-10
4.588409583e-06 1.416693995e-10
4.805211935e-06 1.546439171e-10
5.032258199e-06 1.687984863e-10
5.270032399e-06 1.842469950e-10
5.519041430e-06 2.010972639e-10
5.779816138e-06 2.194836230e-10
6.052912450e-06 2.395463240e-10
6.338912564e-06 2.614364995e-10
6.638426182e-06 2.853104911e-10
6.952091819e-06 3.113648386e-10
7.280578158e-06 3.397895163e-10
7.624585476e-06 3.707867940e-10
7.984847139e-06 4.046022951e-10
8.362131167e-06 4.415084470e-10
8.757241864e-06 4.817617002e-10
9.171021543e-06 5.256717841e-10
9.604352310e-06 5.735794017e-10
1.005815796e-05 6.258168137e-10
1.053340592e-05 6.827992152e-10
1.103110935e-05 7.449576084e-10
1.155232927e-05 8.127630261e-10
1.209817683e-05 8.867067925e-10
1.266981568e-05 9.673670275e-10
1.326846447e-05 1.055344434e-09
1.389539942e-05 1.151267820e-09
1.455195704e-05 1.255914604e-09
1.523953701e-05 1.370010608e-09
1.595960513e-05 1.494519726e-09
1.671369648e-05 1.630182112e-09
1.750341863e-05 1.778204066e-09
1.833045516e-05 1.939569602e-09
1.919656917e-05 2.115571682e-09
2.010360706e-05 2.307479240e-09
2.105350250e-05 2.516744141e-09
2.204828049e-05 2.744922756e-09
2.309006174e-05 2.993702490e-09
2.418106716e-05 3.264970562e-09
2.532362259e-05 3.560727888e-09
2.652016375e-05 3.883160531e-09
2.777324149e-05 4.234725114e-09
2.908552715e-05 4.618058904e-09
3.045981831e-05 5.036008937e-09
3.189904472e-05 5.491407238e-09
3.340627459e-05 5.988019464e-09
3.498472106e-05 6.529370233e-09
3.663774913e-05 7.119448592e-09
3.836888278e-05 7.762702672e-09
4.018181249e-05 8.463889704e-09
4.208040313e-05 9.228159301e-09
4.406870218e-05 1.006121146e-08
4.615094835e-05 1.096907419e-08
4.833158066e-05 1.195845383e-08
5.061524785e-05 1.303721497e-08
5.300681831e-05 1.421274329e-08
5.551139048e-05 1.549358130e-08
5.813430368e-05 1.688957661e-08
6.088114953e-05 1.841102713e-08
6.375778384e-05 2.006893009e-08
6.677033913e-05 2.187557421e-08
6.992523765e-05 2.384398672e-08
7.322920513e-05 2.598899022e-08
7.668928507e-05 2.832611697e-08
8.031285379e-05 3.087250895e-08
8.410763613e-05 3.364722022e-08
8.808172194e-05 3.666969883e-08
9.224358330e-05 3.996306147e-08
9.660209261e-05 4.355087296e-08
1.011665415e-04 4.745883083e-08
1.059466606e-04 5.171695471e-08
1.109526403e-04 5.635508741e-08
1.161951525e-04 6.140808013e-08
1.216853735e-04 6.691077721e-08
1.274350074e-04 7.290511717e-08
1.334563115e-04 7.943433443e-08
1.397621222e-04 8.654556420e-08
1.463658825e-04 9.428867611e-08
1.532816704e-04 1.027233335e-07
1.605242294e-04 1.119092268e-07
1.681089992e-04 1.219120026e-07
1.760521494e-04 1.328056806e-07
1.843706135e-04 1.446665120e-07
1.930821250e-04 1.575824208e-07
2.022052554e-04 1.716471359e-07
2.117594537e-04 1.869575126e-07
2.217650879e-04 2.036309748e-07
2.322434883e-04 2.217823105e-07
2.432169931e-04 2.415422015e-07
2.547089960e-04 2.630567853e-07
2.667439961e-04 2.864753641e-07
2.793476499e-04 3.119703489e-07
2.925468263e-04 3.397185010e-07
3.063696639e-04 3.699222712e-07
3.208456305e-04 4.028005630e-07
3.360055866e-04 4.385791473e-07
3.518818505e-04 4.775257119e-07
3.685082680e-04 5.199167507e-07
3.859202836e-04 5.660308377e-07
4.041550170e-04 6.162191752e-07
4.232513416e-04 6.707996322e-07
4.432499675e-04 7.302683758e-07
4.641935284e-04 7.949395644e-07
4.861266726e-04 8.653050925e-07
5.090961579e-04 9.418528795e-07
5.331509514e-04 1.025126506e-06
5.583423338e-04 1.115685184e-06
5.847240091e-04 1.214286604e-06
6.123522185e-04 1.321500306e-06
6.412858609e-04 1.438114857e-06
6.715866178e-04 1.564958453e-06
7.033190855e-04 1.702881469e-06
7.365509123e-04 1.852960130e-06
7.713529429e-04 2.016164387e-06
8.077993694e-04 2.193575104e-06
8.459678896e-04 2.386554926e-06
8.859398724e-04 2.596372003e-06
9.278005314e-04 2.824575623e-06
9.716391065e-04 3.072568162e-06
1.017549054e-03 3.342277037e-06
1.065628247e-03 3.635380081e-06
1.115979182e-03 3.954204694e-06
1.168709198e-03 4.300625370e-06
1.223930708e-03 4.677290307e-06
1.281761434e-03 5.086637679e-06
1.342324661e-03 5.531415091e-06
1.405749502e-03 6.015008698e-06
1.472171166e-03 6.540439167e-06
1.541731253e-03 7.111350949e-06
1.614578055e-03 7.731825842e-06
1.690866868e-03 8.405967309e-06
1.770760327e-03 9.138741532e-06
1.854428753e-03 9.934287224e-06
1.942050512e-03 1.079875511e-05
2.033812398e-03 1.173788523e-05
2.129910034e-03 1.275778997e-05
2.230548283e-03 1.386560502e-05
2.335941690e-03 1.506908811e-05
2.446314934e-03 1.637538933e-05
2.561903315e-03 1.779455849e-05
2.682953247e-03 1.933596654e-05
2.809722788e-03 2.100884038e-05
2.942482189e-03 2.282577944e-05
3.081514473e-03 2.479815434e-05
3.227116032e-03 2.693894825e-05
3.379597264e-03 2.926240929e-05
3.539283235e-03 3.178532155e-05
3.706514368e-03 3.452343139e-05
3.881647171e-03 3.749467761e-05
4.065055000e-03 4.071985671e-05
4.257128849e-03 4.421922975e-05
4.458278187e-03 4.801499135e-05
4.668931832e-03 5.213424101e-05
4.889538861e-03 5.660515955e-05
5.120569572e-03 6.145083405e-05
5.362516484e-03 6.670655168e-05
5.615895388e-03 7.240845758e-05
5.881246445e-03 7.859384600e-05
6.159135339e-03 8.530136831e-05
6.450154484e-03 9.257311560e-05
6.754924284e-03 1.004580805e-04
7.074094456e-03 1.090062592e-04
7.408345419e-03 1.182739948e-04
7.758389740e-03 1.283174220e-04
8.124973655e-03 1.392027380e-04
8.508878661e-03 1.510019626e-04
8.910923177e-03 1.637836106e-04
9.331964297e-03 1.776425073e-04
9.772899610e-03 1.926456598e-04
1.023466912e-02 2.089080108e-04
1.071825723e-02 2.265139970e-04
1.122469489e-02 2.455951355e-04
1.175506172e-02 2.662545420e-04
1.231048839e-02 2.886262580e-04
1.289215896e-02 3.128481537e-04
1.350131347e-02 3.390696474e-04
1.413925054e-02 3.674627374e-04
1.480733012e-02 3.981934231e-04
1.550697647e-02 4.314476677e-04
1.623968111e-02 4.674430088e-04
1.700700604e-02 5.063853448e-04
1.781058708e-02 5.485298805e-04
1.865213732e-02 5.941000091e-04
1.953345081e-02 6.433854620e-04
2.045640636e-02 6.967079901e-04
2.142297156e-02 7.543690139e-04
2.243520696e-02 8.167107971e-04
2.349527049e-02 8.840825353e-04
2.460542202e-02 9.569422437e-04
2.576802821e-02 1.035672912e-03
2.698556755e-02 1.120757508e-03
2.826063561e-02 1.212678127e-03
2.959595065e-02 1.311994042e-03
3.099435931e-02 1.419264642e-03
3.245884279e-02 1.535065166e-03
3.399252311e-02 1.660176778e-03
3.559866983e-02 1.795238448e-03
3.728070698e-02 1.940999166e-03
3.904222038e-02 2.098386990e-03
4.088696530e-02 2.268195523e-03
4.281887441e-02 2.451324897e-03
4.484206622e-02 2.648899559e-03
4.696085385e-02 2.862125198e-03
4.917975420e-02 3.091895068e-03
5.150349758e-02 3.339711991e-03
5.393703784e-02 3.606761505e-03
5.648556288e-02 3.894639871e-03
5.915450573e-02 4.204890815e-03
6.194955612e-02 4.539026962e-03
6.487667265e-02 4.898894098e-03
6.794209543e-02 5.286365278e-03
7.115235944e-02 5.703581092e-03
7.451430843e-02 6.152631513e-03
7.803510950e-02 6.635694528e-03
8.172226842e-02 7.155645473e-03
8.558364561e-02 7.714870501e-03
8.962747286e-02 8.316015173e-03
9.386237095e-02 8.962251944e-03
9.829736798e-02 9.657084390e-03
1.029419186e-01 1.040335446e-02
1.078059243e-01 1.120488923e-02
1.128997542e-01 1.206581272e-02
1.182342676e-01 1.299021334e-02
1.238208367e-01 1.398225893e-02
1.296713713e-01 1.504660041e-02
1.357983436e-01 1.618771514e-02
1.422148153e-01 1.741132858e-02
1.489344653e-01 1.872290192e-02
1.559716188e-01 2.012890415e-02
1.633412778e-01 2.163389181e-02
1.710591532e-01 2.324558594e-02
1.791416981e-01 2.497152767e-02
1.876061434e-01 2.681713560e-02
1.964705337e-01 2.879067866e-02
2.057537664e-01 3.090066675e-02
2.154756318e-01 3.315677342e-02
2.256568554e-01 3.556603871e-02
2.363191419e-01 3.813667598e-02
2.474852213e-01 4.088307082e-02
2.591788980e-01 4.381024859e-02
2.714251009e-01 4.693189820e-02
2.842499370e-01 5.025701630e-02
2.976807465e-01 5.379919435e-02
3.117461618e-01 5.757034961e-02
3.264761679e-01 6.158113428e-02
3.419021668e-01 6.584721884e-02
3.580570442e-01 7.038199250e-02
3.749752396e-01 7.519651852e-02
3.926928196e-01 8.030458706e-02
4.112475553e-01 8.572302125e-02
4.306790023e-01 9.146713264e-02
4.510285852e-01 9.755274044e-02
4.723396858e-01 1.039904541e-01
4.946577360e-01 1.108008366e-01
5.180303140e-01 1.179995305e-01
5.425072464e-01 1.255991297e-01
5.681407138e-01 1.336165346e-01
5.949853625e-01 1.420687230e-01
6.230984209e-01 1.509707667e-01
6.525398212e-01 1.603396377e-01
6.833723278e-01 1.701844531e-01
7.156616703e-01 1.805244185e-01
7.494766842e-01 1.913702557e-01
7.848894575e-01 2.027351469e-01
8.219754844e-01 2.146323001e-01
8.608138261e-01 2.270703625e-01
9.014872793e-01 2.400555940e-01
9.440825533e-01 2.535958649e-01
9.886904539e-01 2.677003574e-01
1.035406078e+00 2.823661272e-01
1.084329015e+00 2.976001877e-01
1.135563561e+00 3.133950298e-01
1.189218939e+00 3.297480832e-01
1.245409534e+00 3.466525309e-01
1.304255135e+00 3.640932055e-01
1.365881190e+00 3.820562362e-01
1.430419076e+00 4.005252325e-01
1.498006377e+00 4.194718867e-01
1.568787179e+00 4.388741025e-01
1.642912373e+00 4.587013088e-01
1.720539982e+00 4.789161556e-01
1.801835497e+00 4.994724222e-01
1.886972224e+00 5.203359614e-01
1.976131661e+00 5.414518942e-01
2.069503882e+00 5.627611441e-01
2.167287941e+00 5.842145521e-01
2.269692296e+00 6.057424481e-01
2.376935257e+00 6.272779349e-01
2.489245448e+00 6.487680887e-01
2.606862295e+00 6.701175223e-01
2.730036539e+00 6.912678060e-01
2.859030765e+00 7.121344120e-01
2.994119969e+00 7.326452116e-01
3.135592137e+00 7.527240514e-01
3.283748866e+00 7.722900071e-01
3.438906000e+00 7.912788417e-01
3.601394308e+00 8.096135156e-01
3.771560189e+00 8.272283632e-01
3.949766408e+00 8.440678116e-01
4.136392871e+00 8.600700948e-01
4.331837434e+00 8.751940694e-01
4.536516753e+00 8.893981772e-01
4.750867170e+00 9.026513104e-01
4.975345643e+00 9.149337947e-01
5.210430725e+00 9.262351850e-01
5.456623577e+00 9.365528311e-01
5.714449041e+00 9.458992607e-01
5.984456758e+00 9.542945081e-01
6.267222340e+00 9.617646387e-01
6.563348595e+00 9.683466573e-01
6.873466817e+00 9.740946168e-01
7.198238124e+00 9.790534898e-01
7.538354875e+00 9.832822387e-01
7.894542143e+00 9.868424959e-01
8.267559259e+00 9.897788942e-01
8.658201434e+00 9.920917059e-01
9.067301452e+00 9.939561623e-01
9.495731445e+00 9.954415206e-01
9.944404756e+00 9.966090994e-01
1.041427788e+01 9.975140074e-01
1.090635251e+01 9.982048985e-01
1.142167767e+01 9.987242034e-01
1.196135194e+01 9.991082151e-01
1.252652582e+01 9.993873524e-01
1.311840416e+01 9.995866747e-01
1.373824876e+01 9.997263603e-01
1.438738101e+01 9.998223712e-01
1.506718476e+01 9.998870368e-01
1.577910924e+01 9.999296803e-01
1.652467216e+01 9.999571884e-01
1.730546291e+01 9.999745323e-01
1.812314604e+01 9.999852091e-01
1.897946469e+01 9.999916177e-01
1.987624439e+01 9.999953537e-01
2.081539694e+01 9.999969460e-01
2.179892445e+01 9.999969234e-01
2.282892363e+01 9.999970672e-01
2.390759027e+01 9.999969861e-01
2.503722391e+01 9.999972359e-01
2.622023274e+01 1.000000000e+00
2.745913874e+01 1.000000000e+00
2.875658304e+01 1.000000000e+00
3.011533159e+01 1.000000000e+00
3.153828101e+01 1.000000000e+00
3.302846479e+01 1.000000000e+00
3.458905975e+01 1.000000000e+00
3.622339282e+01 1.000000000e+00
3.793494813e+01 1.000000000e+00
3.972737443e+01 1.000000000e+00
4.160449287e+01 1.000000000e+00
4.357030516e+01 1.000000000e+00
4.562900208e+01 1.000000000e+00
4.778497243e+01 1.000000000e+00
5.004281237e+01 1.000000000e+00
5.240733526e+01 1.000000000e+00
5.488358185e+01 1.000000000e+00
5.747683109e+01 1.000000000e+00
6.019261136e+01 1.000000000e+00
6.303671225e+01 1.000000000e+00
6.601519690e+01 1.000000000e+00
6.913441495e+01 1.000000000e+00
7.240101606e+01 1.000000000e+00
7.582196407e+01 1.000000000e+00
7.940455187e+01 1.000000000e+00
8.315641695e+01 1.000000000e+00
8.708555765e+01 1.000000000e+00
9.120035025e+01 1.000000000e+00
9.550956680e+01 1.000000000e+00
