1.000000000e-06 2.286264649e-13
1.047250000e-06 2.499285839e-13
1.096732562e-06 2.732718565e-13
1.148553176e-06 2.987926068e-13
1.202822314e-06 3.266936781e-13
1.259655668e-06 3.571967750e-13
1.319174398e-06 3.905442241e-13
1.381505389e-06 4.270008848e-13
1.446781518e-06 4.668562433e-13
1.515141945e-06 5.104266970e-13
1.586732402e-06 5.580580537e-13
1.661705508e-06 6.101282595e-13
1.740221093e-06 6.670503818e-13
1.822446540e-06 7.292758665e-13
1.908557139e-06 7.972980992e-13
1.998736464e-06 8.716562910e-13
2.093176761e-06 9.529209384e-13
2.192079363e-06 1.041741450e-12
2.295655113e-06 1.138889005e-12
2.404124817e-06 1.245140759e-12
2.517719715e-06 1.361162897e-12
2.636681972e-06 1.487954735e-12
2.761265195e-06 1.626626510e-12
2.891734975e-06 1.778177476e-12
3.028369453e-06 1.943828979e-12
3.171459909e-06 2.124913368e-12
3.321311390e-06 2.322873981e-12
3.478243353e-06 2.539154257e-12
3.642590352e-06 2.775641664e-12
3.814702746e-06 3.034001647e-12
3.994947451e-06 3.316454834e-12
4.183708718e-06 3.625110756e-12
4.381388955e-06 3.962523135e-12
4.588409583e-06 4.331245590e-12
4.805211935e-06 4.734165019e-12
5.032258199e-06 5.174612270e-12
5.270032399e-06 5.655918238e-12
5.519041430e-06 6.181969059e-12
5.779816138e-06 6.756872766e-12
6.052912450e-06 7.385070704e-12
6.338912564e-06 8.071670226e-12
6.638426182e-06 8.821889828e-12
6.952091819e-06 9.641836198e-12
7.280578158e-06 1.053772712e-11
7.624585476e-06 1.151689067e-11
7.984847139e-06 1.258676588e-11
8.362131167e-06 1.375590230e-11
8.757241864e-06 1.503340445e-11
9.171021543e-06 1.642937634e-11
9.604352310e-06 1.795481002e-11
1.005815796e-05 1.962158596e-11
1.053340592e-05 2.144280601e-11
1.103110935e-05 2.343279332e-11
1.155232927e-05 2.560709236e-11
1.209817683e-05 2.798269131e-11
1.266981568e-05 3.057846564e-11
1.326846447e-05 3.341451212e-11
1.389539942e-05 3.651303762e-11
1.455195704e-05 3.989846928e-11
1.523953701e-05 4.359712190e-11
1.595960513e-05 4.763797533e-11
1.671369648e-05 5.205267402e-11
1.750341863e-05 5.687574949e-11
1.833045516e-05 6.214495293e-11
1.919656917e-05 6.790114501e-11
2.010360706e-05 7.418962756e-11
2.105350250e-05 8.105925547e-11
2.204828049e-05 8.856388026e-11
2.309006174e-05 9.676168393e-11
2.418106716e-05 1.057169555e-10
2.532362259e-05 1.154992022e-10
2.652016375e-05 1.261848163e-10
2.777324149e-05 1.378570736e-10
2.908552715e-05 1.506066894e-10
3.045981831e-05 1.645329293e-10
3.189904472e-05 1.797442744e-10
3.340627459e-05 1.963588660e-10
3.498472106e-05 2.145059494e-10
3.663774913e-05 2.343264285e-10
3.836888278e-05 2.559744206e-10
4.018181249e-05 2.796179227e-10
4.208040313e-05 3.054404767e-10
4.406870218e-05 3.336422805e-10
4.615094835e-05 3.644421862e-10
4.833158066e-05 3.980789212e-10
5.061524785e-05 4.348129765e-10
5.300681831e-05 4.749290496e-10
5.551139048e-05 5.187375981e-10
5.813430368e-05 5.665776169e-10
6.088114953e-05 6.188191911e-10
6.375778384e-05 6.758661619e-10
6.677033913e-05 7.381595679e-10
6.992523765e-05 8.061804212e-10
7.322920513e-05 8.804539281e-10
7.668928507e-05 9.615534847e-10
8.031285379e-05 1.050104454e-09
8.410763613e-05 1.146789827e-09
8.808172194e-05 1.252354667e-09
9.224358330e-05 1.367612213e-09
9.660209261e-05 1.493449881e-09
1.011665415e-04 1.630836032e-09
1.059466606e-04 1.780827750e-09
1.109526403e-04 1.944577943e-09
1.161951525e-04 2.123345230e-09
1.216853735e-04 2.318502603e-09
1.274350074e-04 2.531548414e-09
1.334563115e-04 2.764117375e-09
1.397621222e-04 3.017993213e-09
1.463658825e-04 3.295121883e-09
1.532816704e-04 3.597626785e-09
1.605242294e-04 3.927824194e-09
1.681089992e-04 4.288241586e-09
1.760521494e-04 4.681635732e-09
1.843706135e-04 5.111014360e-09
1.930821250e-04 5.579658577e-09
2.022052554e-04 6.091147524e-09
2.117594537e-04 6.649385361e-09
2.217650879e-04 7.258630912e-09
2.322434883e-04 7.923529314e-09
2.432169931e-04 8.649147438e-09
2.547089960e-04 9.441011536e-09
2.667439961e-04 1.030514921e-08
2.793476499e-04 1.124813428e-08
2.925468263e-04 1.227713619e-08
3.063696639e-04 1.339997398e-08
3.208456305e-04 1.462517469e-08
3.360055866e-04 1.596203712e-08
3.518818505e-04 1.742070153e-08
3.685082680e-04 1.901222573e-08
3.859202836e-04 2.074866702e-08
4.041550170e-04 2.264317282e-08
4.232513416e-04 2.471007868e-08
4.432499675e-04 2.696501492e-08
4.641935284e-04 2.942502313e-08
4.861266726e-04 3.210868348e-08
5.090961579e-04 3.503625212e-08
5.331509514e-04 3.822981288e-08
5.583423338e-04 4.171344035e-08
5.847240091e-04 4.551337925e-08
6.123522185e-04 4.965823889e-08
6.412858609e-04 5.417920508e-08
6.715866178e-04 5.911027185e-08
7.033190855e-04 6.448849237e-08
7.365509123e-04 7.035425346e-08
7.713529429e-04 7.675157421e-08
8.077993694e-04 8.372843085e-08
8.459678896e-04 9.133711138e-08
8.859398724e-04 9.963460086e-08
9.278005314e-04 1.086830021e-07
9.716391065e-04 1.185499924e-07
1.017549054e-03 1.293093229e-07
1.065628247e-03 1.410413601e-07
1.115979182e-03 1.538336773e-07
1.168709198e-03 1.677816981e-07
1.223930708e-03 1.829893975e-07
1.281761434e-03 1.995700635e-07
1.342324661e-03 2.176471297e-07
1.405749502e-03 2.373550793e-07
1.472171166e-03 2.588404295e-07
1.541731253e-03 2.822628055e-07
1.614578055e-03 3.077961075e-07
1.690866868e-03 3.356297831e-07
1.770760327e-03 3.659702114e-07
1.854428753e-03 3.990422115e-07
1.942050512e-03 4.350906834e-07
2.033812398e-03 4.743823965e-07
2.129910034e-03 5.172079350e-07
2.230548283e-03 5.638838179e-07
2.335941690e-03 6.147548062e-07
2.446314934e-03 6.701964161e-07
2.561903315e-03 7.306176541e-07
2.682953247e-03 7.964639975e-07
2.809722788e-03 8.682206378e-07
2.942482189e-03 9.464160137e-07
3.081514473e-03 1.031625659e-06
3.227116032e-03 1.124476390e-06
3.379597264e-03 1.225650873e-06
3.539283235e-03 1.335892588e-06
3.706514368e-03 1.456011246e-06
3.881647171e-03 1.586888682e-06
4.065055000e-03 1.729485275e-06
4.257128849e-03 1.884846948e-06
4.458278187e-03 2.054112784e-06
4.668931832e-03 2.238523330e-06
4.889538861e-03 2.439429640e-06
5.120569572e-03 2.658303137e-06
5.362516484e-03 2.896746348e-06
5.615895388e-03 3.156504611e-06
5.881246445e-03 3.439478832e-06
6.159135339e-03 3.747739390e-06
6.450154484e-03 4.083541297e-06
6.754924284e-03 4.449340722e-06
7.074094456e-03 4.847813012e-06
7.408345419e-03 5.281872340e-06
7.758389740e-03 5.754693135e-06
8.124973655e-03 6.269733458e-06
8.508878661e-03 6.830760497e-06
8.910923177e-03 7.441878389e-06
9.331964297e-03 8.107558573e-06
9.772899610e-03 8.832672917e-06
1.023466912e-02 9.622529878e-06
1.071825723e-02 1.048291397e-05
1.122469489e-02 1.142012886e-05
1.175506172e-02 1.244104443e-05
1.231048839e-02 1.355314815e-05
1.289215896e-02 1.476460124e-05
1.350131347e-02 1.608429999e-05
1.413925054e-02 1.752194275e-05
1.480733012e-02 1.908810320e-05
1.550697647e-02 2.079431034e-05
1.623968111e-02 2.265313602e-05
1.700700604e-02 2.467829059e-05
1.781058708e-02 2.688472750e-05
1.865213732e-02 2.928875772e-05
1.953345081e-02 3.190817488e-05
2.045640636e-02 3.476239215e-05
2.142297156e-02 3.787259205e-05
2.243520696e-02 4.126189038e-05
2.349527049e-02 4.495551559e-05
2.460542202e-02 4.898100518e-05
2.576802821e-02 5.336842064e-05
2.698556755e-02 5.815058287e-05
2.826063561e-02 6.336332984e-05
2.959595065e-02 6.904579886e-05
3.099435931e-02 7.524073568e-05
3.245884279e-02 8.199483303e-05
3.399252311e-02 8.935910151e-05
3.559866983e-02 9.738927588e-05
3.728070698e-02 1.061462601e-04
3.904222038e-02 1.156966153e-04
4.088696530e-02 1.261130936e-04
4.281887441e-02 1.374752242e-04
4.484206622e-02 1.498699550e-04
4.696085385e-02 1.633923552e-04
4.917975420e-02 1.781463866e-04
5.150349758e-02 1.942457479e-04
5.393703784e-02 2.118148001e-04
5.648556288e-02 2.309895813e-04
5.915450573e-02 2.519189179e-04
6.194955612e-02 2.747656436e-04
6.487667265e-02 2.997079349e-04
6.794209543e-02 3.269407740e-04
7.115235944e-02 3.566775540e-04
7.451430843e-02 3.891518356e-04
7.803510950e-02 4.246192748e-04
8.172226842e-02 4.633597335e-04
8.558364561e-02 5.056795935e-04
8.962747286e-02 5.519142917e-04
9.386237095e-02 6.024310983e-04
9.829736798e-02 6.576321608e-04
1.029419186e-01 7.179578388e-04
1.078059243e-01 7.838903582e-04
1.128997542e-01 8.559578137e-04
1.182342676e-01 9.347385535e-04
1.238208367e-01 1.020865981e-03
1.296713713e-01 1.115033817e-03
1.357983436e-01 1.218001854e-03
1.422148153e-01 1.330602270e-03
1.489344653e-01 1.453746527e-03
1.559716188e-01 1.588432933e-03
1.633412778e-01 1.735754913e-03
1.710591532e-01 1.896910060e-03
1.791416981e-01 2.073210042e-03
1.876061434e-01 2.266091434e-03
1.964705337e-01 2.477127564e-03
2.057537664e-01 2.708041469e-03
2.154756318e-01 2.960720053e-03
2.256568554e-01 3.237229554e-03
2.363191419e-01 3.539832447e-03
2.474852213e-01 3.871005889e-03
2.591788980e-01 4.233461860e-03
2.714251009e-01 4.630169131e-03
2.842499370e-01 5.064377213e-03
2.976807465e-01 5.539642465e-03
3.117461618e-01 6.059856516e-03
3.264761679e-01 6.629277204e-03
3.419021668e-01 7.252562217e-03
3.580570442e-01 7.934805647e-03
3.749752396e-01 8.681577663e-03
3.926928196e-01 9.498967539e-03
4.112475553e-01 1.039363025e-02
4.306790023e-01 1.137283685e-02
4.510285852e-01 1.244452895e-02
4.723396858e-01 1.361737736e-02
4.946577360e-01 1.490084527e-02
5.180303140e-01 1.630525609e-02
5.425072464e-01 1.784186610e-02
5.681407138e-01 1.952294214e-02
5.949853625e-01 2.136184432e-02
6.230984209e-01 2.337311380e-02
6.525398212e-01 2.557256568e-02
6.833723278e-01 2.797738658e-02
7.156616703e-01 3.060623694e-02
7.494766842e-01 3.347935718e-02
7.848894575e-01 3.661867738e-02
8.219754844e-01 4.004792921e-02
8.608138261e-01 4.379275909e-02
9.014872793e-01 4.788084075e-02
9.440825533e-01 5.234198519e-02
9.886904539e-01 5.720824538e-02
1.035406078e+00 6.251401236e-02
1.084329015e+00 6.829609886e-02
1.135563561e+00 7.459380534e-02
1.189218939e+00 8.144896289e-02
1.245409534e+00 8.890594568e-02
1.304255135e+00 9.701164496e-02
1.365881190e+00 1.058153948e-01
1.430419076e+00 1.153688385e-01
1.498006377e+00 1.257257227e-01
1.568787179e+00 1.369416049e-01
1.642912373e+00 1.490734577e-01
1.720539982e+00 1.621791526e-01
1.801835497e+00 1.763168030e-01
1.886972224e+00 1.915439472e-01
1.976131661e+00 2.079165489e-01
2.069503882e+00 2.254877962e-01
2.167287941e+00 2.443066781e-01
2.269692296e+00 2.644163240e-01
2.376935257e+00 2.858520937e-01
2.489245448e+00 3.086394158e-01
2.606862295e+00 3.327913814e-01
2.730036539e+00 3.583061150e-01
2.859030765e+00 3.851639648e-01
2.994119969e+00 4.133245776e-01
3.135592137e+00 4.427239505e-01
3.283748866e+00 4.732715878e-01
3.438906000e+00 5.048479261e-01
3.601394308e+00 5.373022290e-01
3.771560189e+00 5.704511919e-01
3.949766408e+00 6.040785262e-01
4.136392871e+00 6.379358151e-01
4.331837434e+00 6.717449338e-01
4.536516753e+00 7.052023004e-01
4.750867170e+00 7.379851637e-01
4.975345643e+00 7.697600291e-01
5.210430725e+00 8.001931664e-01
5.456623577e+00 8.289629446e-01
5.714449041e+00 8.557734889e-01
5.984456758e+00 8.803688928e-01
6.267222340e+00 9.025469589e-01
6.563348595e+00 9.221712385e-01
6.873466817e+00 9.391800435e-01
7.198238124e+00 9.535911630e-01
7.538354875e+00 9.655012846e-01
7.894542143e+00 9.750795960e-01
8.267559259e+00 9.825557123e-01
8.658201434e+00 9.882028510e-01
9.067301452e+00 9.923179257e-01
9.495731445e+00 9.952007932e-01
9.944404756e+00 9.971351079e-01
1.041427788e+01 9.983730104e-01
1.090635251e+01 9.991252094e-01
1.142167767e+01 9.995570356e-01
1.196135194e+01 9.997899807e-01
1.252652582e+01 9.999073571e-01
1.311840416e+01 9.999622431e-01
1.373824876e+01 9.999858912e-01
1.438738101e+01 9.999952066e-01
1.506718476e+01 9.999985329e-01
1.577910924e+01 1.000000000e+00
1.652467216e+01 1.000000000e+00
1.730546291e+01 1.000000000e+00
1.812314604e+01 1.000000000e+00
1.897946469e+01 1.000000000e+00
1.987624439e+01 1.000000000e+00
2.081539694e+01 1.000000000e+00
2.179892445e+01 1.000000000e+00
2.282892363e+01 1.000000000e+00
2.390759027e+01 1.000000000e+00
2.503722391e+01 1.000000000e+00
2.622023274e+01 1.000000000e+00
2.745913874e+01 1.000000000e+00
2.875658304e+01 1.000000000e+00
3.011533159e+01 1.000000000e+00
3.153828101e+01 1.000000000e+00
3.302846479e+01 1.000000000e+00
3.458905975e+01 1.000000000e+00
3.622339282e+01 1.000000000e+00
3.793494813e+01 1.000000000e+00
3.972737443e+01 1.000000000e+00
4.160449287e+01 1.000000000e+00
4.357030516e+01 1.000000000e+00
4.562900208e+01 1.000000000e+00
4.778497243e+01 1.000000000e+00
5.004281237e+01 1.000000000e+00
5.240733526e+01 1.000000000e+00
5.488358185e+01 1.000000000e+00
5.747683109e+01 1.000000000e+00
6.019261136e+01 1.000000000e+00
6.303671225e+01 1.000000000e+00
6.601519690e+01 1.000000000e+00
6.913441495e+01 1.000000000e+00
7.240101606e+01 1.000000000e+00
7.582196407e+01 1.000000000e+00
7.940455187e+01 1.000000000e+00
8.315641695e+01 1.000000000e+00
8.708555765e+01 1.000000000e+00
9.120035025e+01 1.000000000e+00
9.550956680e+01 1.000000000e+00
