1.000000000e+00 7.099923359e-02
1.100000000e+00 8.442932596e-02
1.200000000e+00 9.025638652e-02
1.300000000e+00 8.910281415e-02
1.400000000e+00 8.307965917e-02
1.500000000e+00 7.444352020e-02
1.600000000e+00 6.493238308e-02
1.700000000e+00 5.565621684e-02
1.800000000e+00 4.718426588e-02
1.900000000e+00 3.975796815e-02
2.000000000e+00 3.339384347e-02
2.100000000e+00 2.801748102e-02
2.200000000e+00 2.351377439e-02
2.300000000e+00 1.977458217e-02
2.400000000e+00 1.667242929e-02
2.500000000e+00 1.410129538e-02
2.600000000e+00 1.196727670e-02
2.700000000e+00 1.019088164e-02
2.800000000e+00 8.713622405e-03
2.900000000e+00 7.474693669e-03
3.000000000e+00 6.432041625e-03
3.100000000e+00 5.553242921e-03
3.200000000e+00 4.811673331e-03
3.300000000e+00 4.184320742e-03
3.400000000e+00 3.654824192e-03
3.500000000e+00 3.201217694e-03
3.600000000e+00 2.811119662e-03
3.700000000e+00 2.474910810e-03
3.800000000e+00 2.184070736e-03
3.900000000e+00 1.932864304e-03
4.000000000e+00 1.715624700e-03
4.100000000e+00 1.528217188e-03
4.200000000e+00 1.364861540e-03
4.300000000e+00 1.220914942e-03
4.400000000e+00 1.094420591e-03
4.500000000e+00 9.825245119e-04
4.600000000e+00 8.842798473e-04
4.700000000e+00 7.978965570e-04
4.800000000e+00 7.200642343e-04
4.900000000e+00 6.516397648e-04
5.000000000e+00 5.923594813e-04
5.100000000e+00 5.385800118e-04
5.200000000e+00 4.901324530e-04
5.300000000e+00 4.470141215e-04
5.400000000e+00 4.083688155e-04
5.500000000e+00 3.736076644e-04
5.600000000e+00 3.423869617e-04
5.700000000e+00 3.142690071e-04
5.800000000e+00 2.884352548e-04
5.900000000e+00 2.652050877e-04
6.000000000e+00 2.441246193e-04
6.100000000e+00 2.251529172e-04
6.200000000e+00 2.079518733e-04
6.300000000e+00 1.922802786e-04
6.400000000e+00 1.778070098e-04
6.500000000e+00 1.647671326e-04
6.600000000e+00 1.529787621e-04
6.700000000e+00 1.420899307e-04
6.800000000e+00 1.322458067e-04
6.900000000e+00 1.230490890e-04
7.000000000e+00 1.145173575e-04
7.100000000e+00 1.067504031e-04
7.200000000e+00 9.946930096e-05
7.300000000e+00 9.260683833e-05
7.400000000e+00 8.645918678e-05
7.500000000e+00 8.108823663e-05
7.600000000e+00 7.610270000e-05
7.700000000e+00 7.130405837e-05
7.800000000e+00 6.684728916e-05
7.900000000e+00 6.272865754e-05
8.000000000e+00 5.888785737e-05
8.100000000e+00 5.534492497e-05
8.200000000e+00 5.211887982e-05
8.300000000e+00 4.914411710e-05
8.400000000e+00 4.631434730e-05
8.500000000e+00 4.358969842e-05
8.600000000e+00 4.093954367e-05
8.700000000e+00 3.843982914e-05
8.800000000e+00 3.619694572e-05
8.900000000e+00 3.420102908e-05
9.000000000e+00 3.240428177e-05
9.100000000e+00 3.078295925e-05
9.200000000e+00 2.923876167e-05
9.300000000e+00 2.767701455e-05
9.400000000e+00 2.610621890e-05
9.500000000e+00 2.466949533e-05
9.600000000e+00 2.343657342e-05
9.700000000e+00 2.232084783e-05
9.800000000e+00 2.123726196e-05
9.900000000e+00 2.018547289e-05
1.000000000e+01 1.920857106e-05
