1.000000000e+00 4.907686057e-02
1.100000000e+00 5.820773890e-02
1.200000000e+00 6.206569797e-02
1.300000000e+00 6.113834439e-02
1.400000000e+00 5.691865634e-02
1.500000000e+00 5.096757420e-02
1.600000000e+00 4.446384571e-02
1.700000000e+00 3.814951515e-02
1.800000000e+00 3.239830748e-02
1.900000000e+00 2.736282888e-02
2.000000000e+00 2.304867086e-02
2.100000000e+00 1.940057779e-02
2.200000000e+00 1.633970424e-02
2.300000000e+00 1.379217890e-02
2.400000000e+00 1.167236386e-02
2.500000000e+00 9.909981819e-03
2.600000000e+00 8.442342520e-03
2.700000000e+00 7.216496856e-03
2.800000000e+00 6.193846884e-03
2.900000000e+00 5.332475193e-03
3.000000000e+00 4.604855035e-03
3.100000000e+00 3.989100389e-03
3.200000000e+00 3.466988892e-03
3.300000000e+00 3.023502481e-03
3.400000000e+00 2.647546872e-03
3.500000000e+00 2.324774405e-03
3.600000000e+00 2.046640501e-03
3.700000000e+00 1.806472918e-03
3.800000000e+00 1.597544696e-03
3.900000000e+00 1.416348398e-03
4.000000000e+00 1.259095323e-03
4.100000000e+00 1.123047998e-03
4.200000000e+00 1.003935291e-03
4.300000000e+00 8.988041915e-04
4.400000000e+00 8.066316030e-04
4.500000000e+00 7.250383209e-04
4.600000000e+00 6.528203203e-04
4.700000000e+00 5.891783049e-04
4.800000000e+00 5.324584273e-04
4.900000000e+00 4.818287163e-04
5.000000000e+00 4.372990043e-04
5.100000000e+00 3.977909063e-04
5.200000000e+00 3.620345218e-04
5.300000000e+00 3.299605196e-04
5.400000000e+00 3.011647193e-04
5.500000000e+00 2.752300251e-04
5.600000000e+00 2.520177971e-04
5.700000000e+00 2.311405719e-04
5.800000000e+00 2.120672192e-04
5.900000000e+00 1.947897759e-04
6.000000000e+00 1.792383281e-04
6.100000000e+00 1.651148282e-04
6.200000000e+00 1.521382149e-04
6.300000000e+00 1.405078121e-04
6.400000000e+00 1.299548336e-04
6.500000000e+00 1.202011695e-04
6.600000000e+00 1.111879273e-04
6.700000000e+00 1.030591744e-04
6.800000000e+00 9.567012719e-05
6.900000000e+00 8.884069291e-05
7.000000000e+00 8.261646891e-05
7.100000000e+00 7.680408232e-05
7.200000000e+00 7.137226594e-05
7.300000000e+00 6.643465894e-05
7.400000000e+00 6.202083770e-05
7.500000000e+00 5.799379122e-05
7.600000000e+00 5.417467139e-05
7.700000000e+00 5.053157247e-05
7.800000000e+00 4.721645402e-05
7.900000000e+00 4.422031088e-05
8.000000000e+00 4.140254198e-05
8.100000000e+00 3.878178411e-05
8.200000000e+00 3.637667479e-05
8.300000000e+00 3.407984703e-05
8.400000000e+00 3.189097550e-05
8.500000000e+00 2.992677711e-05
8.600000000e+00 2.817452001e-05
8.700000000e+00 2.653300983e-05
8.800000000e+00 2.495511731e-05
8.900000000e+00 2.348946446e-05
9.000000000e+00 2.218117834e-05
9.100000000e+00 2.098785503e-05
9.200000000e+00 1.982487818e-05
9.300000000e+00 1.867703410e-05
9.400000000e+00 1.757719005e-05
9.500000000e+00 1.659711605e-05
9.600000000e+00 1.575355109e-05
9.700000000e+00 1.496245645e-05
9.800000000e+00 1.413905713e-05
9.900000000e+00 1.330896126e-05
1.000000000e+01 1.256860966e-05
