1.000000000e+00 1.234854955e-02
1.100000000e+00 1.111954761e-02
1.200000000e+00 1.001390465e-02
1.300000000e+00 9.023840041e-03
1.400000000e+00 8.140231959e-03
1.500000000e+00 7.346345123e-03
1.600000000e+00 6.631688630e-03
1.700000000e+00 5.987249789e-03
1.800000000e+00 5.403103512e-03
1.900000000e+00 4.872985652e-03
2.000000000e+00 4.393502222e-03
2.100000000e+00 3.958651384e-03
2.200000000e+00 3.564609482e-03
2.300000000e+00 3.208194453e-03
2.400000000e+00 2.887277862e-03
2.500000000e+00 2.598483588e-03
2.600000000e+00 2.338614814e-03
2.700000000e+00 2.105162420e-03
2.800000000e+00 1.895737024e-03
2.900000000e+00 1.708477280e-03
3.000000000e+00 1.541223759e-03
3.100000000e+00 1.391495702e-03
3.200000000e+00 1.257485898e-03
3.300000000e+00 1.137537431e-03
3.400000000e+00 1.030139779e-03
3.500000000e+00 9.340140393e-04
3.600000000e+00 8.482968805e-04
3.700000000e+00 7.713964044e-04
3.800000000e+00 7.023444491e-04
3.900000000e+00 6.402788224e-04
4.000000000e+00 5.844330059e-04
4.100000000e+00 5.341258671e-04
4.200000000e+00 4.887524835e-04
4.300000000e+00 4.479089066e-04
4.400000000e+00 4.111354441e-04
4.500000000e+00 3.778319173e-04
4.600000000e+00 3.476318986e-04
4.700000000e+00 3.202121407e-04
4.800000000e+00 2.952867136e-04
4.900000000e+00 2.726015425e-04
5.000000000e+00 2.519300881e-04
5.100000000e+00 2.330700775e-04
5.200000000e+00 2.158424082e-04
5.300000000e+00 2.002312463e-04
5.400000000e+00 1.859305253e-04
5.500000000e+00 1.728152549e-04
5.600000000e+00 1.607748615e-04
5.700000000e+00 1.497103928e-04
5.800000000e+00 1.395319124e-04
5.900000000e+00 1.301577291e-04
6.000000000e+00 1.215148985e-04
