1.000000000e-06 5.792368799e-12
1.047250000e-06 6.182866059e-12
1.096732562e-06 6.768484002e-12
1.148553176e-06 7.396250043e-12
1.202822314e-06 8.088117108e-12
1.259655668e-06 8.841036506e-12
1.319174398e-06 9.661726802e-12
1.381505389e-06 1.056373567e-11
1.446781518e-06 1.154764084e-11
1.515141945e-06 1.262327962e-11
1.586732402e-06 1.379980089e-11
1.661705508e-06 1.508690349e-11
1.740221093e-06 1.649416320e-11
1.822446540e-06 1.803482747e-11
1.908557139e-06 1.972160153e-11
1.998736464e-06 2.157085968e-11
2.093176761e-06 2.360162307e-11
2.192079363e-06 2.581658390e-11
2.295655113e-06 2.823861852e-11
2.404124817e-06 3.088492089e-11
2.517719715e-06 3.377702884e-11
2.636681972e-06 3.693520287e-11
2.761265195e-06 4.039048216e-11
2.891734975e-06 4.416471007e-11
3.028369453e-06 4.828778667e-11
3.171459909e-06 5.279806232e-11
3.321311390e-06 5.771640799e-11
3.478243353e-06 6.309713799e-11
3.642590352e-06 6.897728942e-11
3.814702746e-06 7.539923280e-11
3.994947451e-06 8.242036512e-11
4.183708718e-06 9.008656238e-11
4.381388955e-06 9.846560793e-11
4.588409583e-06 1.076204323e-10
4.805211935e-06 1.176243741e-10
5.032258199e-06 1.285527236e-10
5.270032399e-06 1.404956545e-10
5.519041430e-06 1.535399016e-10
5.779816138e-06 1.677927570e-10
6.052912450e-06 1.833644514e-10
6.338912564e-06 2.003778124e-10
6.638426182e-06 2.189583998e-10
6.952091819e-06 2.392624558e-10
7.280578158e-06 2.614433733e-10
7.624585476e-06 2.856652169e-10
7.984847139e-06 3.121246924e-10
8.362131167e-06 3.410402940e-10
8.757241864e-06 3.726210513e-10
9.171021543e-06 4.071174620e-10
9.604352310e-06 4.448042092e-10
1.005815796e-05 4.859369794e-10
1.053340592e-05 5.309035299e-10
1.103110935e-05 5.800008365e-10
1.155232927e-05 6.336320383e-10
1.209817683e-05 6.921982478e-10
1.266981568e-05 7.561703748e-10
1.326846447e-05 8.260402061e-10
1.389539942e-05 9.023264712e-10
1.455195704e-05 9.856624448e-10
1.523953701e-05 1.076647989e-09
1.595960513e-05 1.176070742e-09
1.671369648e-05 1.284553738e-09
1.750341863e-05 1.403078948e-09
1.833045516e-05 1.532466943e-09
1.919656917e-05 1.673783708e-09
2.010360706e-05 1.828083658e-09
2.105350250e-05 1.996570942e-09
2.204828049e-05 2.180540074e-09
2.309006174e-05 2.381394764e-09
2.418106716e-05 2.600707485e-09
2.532362259e-05 2.840153348e-09
2.652016375e-05 3.101546454e-09
2.777324149e-05 3.386973108e-09
2.908552715e-05 3.698603524e-09
3.045981831e-05 4.038849535e-09
3.189904472e-05 4.410133358e-09
3.340627459e-05 4.815550406e-09
3.498472106e-05 5.258064693e-09
3.663774913e-05 5.741121202e-09
3.836888278e-05 6.268439042e-09
4.018181249e-05 6.844049402e-09
4.208040313e-05 7.472320906e-09
4.406870218e-05 8.158089366e-09
4.615094835e-05 8.906494667e-09
4.833158066e-05 9.723241789e-09
5.061524785e-05 1.061498530e-08
5.300681831e-05 1.158810637e-08
5.551139048e-05 1.264990728e-08
5.813430368e-05 1.380877219e-08
6.088114953e-05 1.507355177e-08
6.375778384e-05 1.645369114e-08
6.677033913e-05 1.795978577e-08
6.992523765e-05 1.960303439e-08
7.322920513e-05 2.139621654e-08
7.668928507e-05 2.335276141e-08
8.031285379e-05 2.548749699e-08
8.410763613e-05 2.781690383e-08
8.808172194e-05 3.035791202e-08
9.224358330e-05 3.313053934e-08
9.660209261e-05 3.615532690e-08
1.011665415e-04 3.945474808e-08
1.059466606e-04 4.305457574e-08
1.109526403e-04 4.698153606e-08
1.161951525e-04 5.126561908e-08
1.216853735e-04 5.593763199e-08
1.274350074e-04 6.103423977e-08
1.334563115e-04 6.659344675e-08
1.397621222e-04 7.265690269e-08
1.463658825e-04 7.926822122e-08
1.532816704e-04 8.648037346e-08
1.605242294e-04 9.434589498e-08
1.681089992e-04 1.029230371e-07
1.760521494e-04 1.122775228e-07
1.843706135e-04 1.224763795e-07
1.930821250e-04 1.335986931e-07
2.022052554e-04 1.457271687e-07
2.117594537e-04 1.589486142e-07
2.217650879e-04 1.733674216e-07
2.322434883e-04 1.890865644e-07
2.432169931e-04 2.062227849e-07
2.547089960e-04 2.249072029e-07
2.667439961e-04 2.452738653e-07
2.793476499e-04 2.674782754e-07
2.925468263e-04 2.916782150e-07
3.063696639e-04 3.180574466e-07
3.208456305e-04 3.468131928e-07
3.360055866e-04 3.781478904e-07
3.518818505e-04 4.123087411e-07
3.685082680e-04 4.495439873e-07
3.859202836e-04 4.901010399e-07
4.041550170e-04 5.343074194e-07
4.232513416e-04 5.824505553e-07
4.432499675e-04 6.349746976e-07
4.641935284e-04 6.921791529e-07
4.861266726e-04 7.545064889e-07
5.090961579e-04 8.224053340e-07
5.331509514e-04 8.963737851e-07
5.583423338e-04 9.769238166e-07
5.847240091e-04 1.064753842e-06
6.123522185e-04 1.160388375e-06
6.412858609e-04 1.264554870e-06
6.715866178e-04 1.378012616e-06
7.033190855e-04 1.501557067e-06
7.365509123e-04 1.636172538e-06
7.713529429e-04 1.782766623e-06
8.077993694e-04 1.942344872e-06
8.459678896e-04 2.116168191e-06
8.859398724e-04 2.305414209e-06
9.278005314e-04 2.511535602e-06
9.716391065e-04 2.735840058e-06
1.017549054e-03 2.980121578e-06
1.065628247e-03 3.245947279e-06
1.115979182e-03 3.535519533e-06
1.168709198e-03 3.850579037e-06
1.223930708e-03 4.193618752e-06
1.281761434e-03 4.566919797e-06
1.342324661e-03 4.973077606e-06
1.405749502e-03 5.415318963e-06
1.472171166e-03 5.896427826e-06
1.541731253e-03 6.419931820e-06
1.614578055e-03 6.989663147e-06
1.690866868e-03 7.609436735e-06
1.770760327e-03 8.284066743e-06
1.854428753e-03 9.017463458e-06
1.942050512e-03 9.815466684e-06
2.033812398e-03 1.068354215e-05
2.129910034e-03 1.162754505e-05
2.230548283e-03 1.265425288e-05
2.335941690e-03 1.377113448e-05
2.446314934e-03 1.498503452e-05
2.561903315e-03 1.630552916e-05
2.682953247e-03 1.774163340e-05
2.809722788e-03 1.930218099e-05
2.942482189e-03 2.099948748e-05
3.081514473e-03 2.284426450e-05
3.227116032e-03 2.484922177e-05
3.379597264e-03 2.702802274e-05
3.539283235e-03 2.939685302e-05
3.706514368e-03 3.197104768e-05
3.881647171e-03 3.476789621e-05
4.065055000e-03 3.780756066e-05
4.257128849e-03 4.110992828e-05
4.458278187e-03 4.469629599e-05
4.668931832e-03 4.859326823e-05
4.889538861e-03 5.282801806e-05
5.120569572e-03 5.742342457e-05
5.362516484e-03 6.241392223e-05
5.615895388e-03 6.783452347e-05
5.881246445e-03 7.372140876e-05
6.159135339e-03 8.011351666e-05
6.450154484e-03 8.705078858e-05
6.754924284e-03 9.458311364e-05
7.074094456e-03 1.027580567e-04
7.408345419e-03 1.116314093e-04
7.758389740e-03 1.212583457e-04
8.124973655e-03 1.317046693e-04
8.508878661e-03 1.430400559e-04
8.910923177e-03 1.553333148e-04
9.331964297e-03 1.686783424e-04
9.772899610e-03 1.831409333e-04
1.023466912e-02 1.988345392e-04
1.071825723e-02 2.158429201e-04
1.122469489e-02 2.342973880e-04
1.175506172e-02 2.542971323e-04
1.231048839e-02 2.759794722e-04
1.289215896e-02 2.994780418e-04
1.350131347e-02 3.249441141e-04
1.413925054e-02 3.525463339e-04
1.480733012e-02 3.824515696e-04
1.550697647e-02 4.148455651e-04
1.623968111e-02 4.499410308e-04
1.700700604e-02 4.879522880e-04
1.781058708e-02 5.291212230e-04
1.865213732e-02 5.736868279e-04
1.953345081e-02 6.219254856e-04
2.045640636e-02 6.741649734e-04
2.142297156e-02 7.307072931e-04
2.243520696e-02 7.918868898e-04
2.349527049e-02 8.580724817e-04
2.460542202e-02 9.296956534e-04
2.576802821e-02 1.007172081e-03
2.698556755e-02 1.090956320e-03
2.826063561e-02 1.181558446e-03
2.959595065e-02 1.279519686e-03
3.099435931e-02 1.385403138e-03
3.245884279e-02 1.499811437e-03
3.399252311e-02 1.623489083e-03
3.559866983e-02 1.757129204e-03
3.728070698e-02 1.901433853e-03
3.904222038e-02 2.057377205e-03
4.088696530e-02 2.225731834e-03
4.281887441e-02 2.407406747e-03
4.484206622e-02 2.603554948e-03
4.696085385e-02 2.815344305e-03
4.917975420e-02 3.043746721e-03
5.150349758e-02 3.290195645e-03
5.393703784e-02 3.555908416e-03
5.648556288e-02 3.842610971e-03
5.915450573e-02 4.151665025e-03
6.194955612e-02 4.484745497e-03
6.487667265e-02 4.843618242e-03
6.794209543e-02 5.230130379e-03
7.115235944e-02 5.646609610e-03
7.451430843e-02 6.094950724e-03
7.803510950e-02 6.577667828e-03
8.172226842e-02 7.097349068e-03
8.558364561e-02 7.656505189e-03
8.962747286e-02 8.257793357e-03
9.386237095e-02 8.904409372e-03
9.829736798e-02 9.599915206e-03
1.029419186e-01 1.034719546e-02
1.078059243e-01 1.114993176e-02
1.128997542e-01 1.201245161e-02
1.182342676e-01 1.293881561e-02
1.238208367e-01 1.393321583e-02
1.296713713e-01 1.500033126e-02
1.357983436e-01 1.614465572e-02
1.422148153e-01 1.737195134e-02
1.489344653e-01 1.868770791e-02
1.559716188e-01 2.009841865e-02
1.633412778e-01 2.160865974e-02
1.710591532e-01 2.322617816e-02
1.791416981e-01 2.495851082e-02
1.876061434e-01 2.681120413e-02
1.964705337e-01 2.879243390e-02
2.057537664e-01 3.091074492e-02
2.154756318e-01 3.317582185e-02
2.256568554e-01 3.559475168e-02
2.363191419e-01 3.817581256e-02
2.474852213e-01 4.093232172e-02
2.591788980e-01 4.387180046e-02
2.714251009e-01 4.700519552e-02
2.842499370e-01 5.034401733e-02
2.976807465e-01 5.389993076e-02
3.117461618e-01 5.768552921e-02
3.264761679e-01 6.171141057e-02
3.419021668e-01 6.599361200e-02
3.580570442e-01 7.054381472e-02
3.749752396e-01 7.537496182e-02
3.926928196e-01 8.050019949e-02
4.112475553e-01 8.593623316e-02
4.306790023e-01 9.169821028e-02
4.510285852e-01 9.780010287e-02
4.723396858e-01 1.042576528e-01
4.946577360e-01 1.110864994e-01
5.180303140e-01 1.183034018e-01
5.425072464e-01 1.259204675e-01
5.681407138e-01 1.339538139e-01
5.949853625e-01 1.424246194e-01
6.230984209e-01 1.513435800e-01
6.525398212e-01 1.607302752e-01
6.833723278e-01 1.705873212e-01
7.156616703e-01 1.809404605e-01
7.494766842e-01 1.917974923e-01
7.848894575e-01 2.031744402e-01
8.219754844e-01 2.150807730e-01
8.608138261e-01 2.275244123e-01
9.014872793e-01 2.405181692e-01
9.440825533e-01 2.540610514e-01
9.886904539e-01 2.681677204e-01
1.035406078e+00 2.828352567e-01
1.084329015e+00 2.980673421e-01
1.135563561e+00 3.138580341e-01
1.189218939e+00 3.302042278e-01
1.245409534e+00 3.470955044e-01
1.304255135e+00 3.645271441e-01
1.365881190e+00 3.824794078e-01
1.430419076e+00 4.009332964e-01
1.498006377e+00 4.198629169e-01
1.568787179e+00 4.392462215e-01
1.642912373e+00 4.590524796e-01
1.720539982e+00 4.792445425e-01
1.801835497e+00 4.997757480e-01
1.886972224e+00 5.206121191e-01
1.976131661e+00 5.416868856e-01
2.069503882e+00 5.627899174e-01
2.167287941e+00 5.843930697e-01
2.269692296e+00 6.059174697e-01
2.376935257e+00 6.274370613e-01
2.489245448e+00 6.489103256e-01
2.606862295e+00 6.702435121e-01
2.730036539e+00 6.913750120e-01
2.859030765e+00 7.122285938e-01
2.994119969e+00 7.327239992e-01
3.135592137e+00 7.527807142e-01
3.283748866e+00 7.722624595e-01
3.438906000e+00 7.913126058e-01
3.601394308e+00 8.096565480e-01
3.771560189e+00 8.272731116e-01
3.949766408e+00 8.441147841e-01
4.136392871e+00 8.601188798e-01
4.331837434e+00 8.752473756e-01
4.536516753e+00 8.894555713e-01
4.750867170e+00 9.027135840e-01
4.975345643e+00 9.150001183e-01
5.210430725e+00 9.263050201e-01
5.456623577e+00 9.366268266e-01
5.714449041e+00 9.459761091e-01
5.984456758e+00 9.543735071e-01
6.267222340e+00 9.618432477e-01
6.563348595e+00 9.683987807e-01
6.873466817e+00 9.741716273e-01
7.198238124e+00 9.791292202e-01
7.538354875e+00 9.833544203e-01
7.894542143e+00 9.869086881e-01
8.267559259e+00 9.898110527e-01
8.658201434e+00 9.921165639e-01
9.067301452e+00 9.939753971e-01
9.495731445e+00 9.954564952e-01
9.944404756e+00 9.966204941e-01
1.041427788e+01 9.975226150e-01
1.090635251e+01 9.982112790e-01
1.142167767e+01 9.987288699e-01
1.196135194e+01 9.991115648e-01
1.252652582e+01 9.993897029e-01
1.311840416e+01 9.995882963e-01
1.373824876e+01 9.997274527e-01
1.438738101e+01 9.998230911e-01
1.506718476e+01 9.998874987e-01
1.577910924e+01 9.999299703e-01
1.652467216e+01 9.999573648e-01
1.730546291e+01 9.999746371e-01
1.812314604e+01 9.999852700e-01
1.897946469e+01 9.999916519e-01
1.987624439e+01 9.999953724e-01
2.081539694e+01 9.999969545e-01
2.179892445e+01 9.999969210e-01
2.282892363e+01 9.999970590e-01
2.390759027e+01 9.999969808e-01
2.503722391e+01 9.999972724e-01
2.622023274e+01 1.000000000e+00
2.745913874e+01 1.000000000e+00
2.875658304e+01 1.000000000e+00
3.011533159e+01 1.000000000e+00
3.153828101e+01 1.000000000e+00
3.302846479e+01 1.000000000e+00
3.458905975e+01 1.000000000e+00
3.622339282e+01 1.000000000e+00
3.793494813e+01 1.000000000e+00
3.972737443e+01 1.000000000e+00
4.160449287e+01 1.000000000e+00
4.357030516e+01 1.000000000e+00
4.562900208e+01 1.000000000e+00
4.778497243e+01 1.000000000e+00
5.004281237e+01 1.000000000e+00
5.240733526e+01 1.000000000e+00
5.488358185e+01 1.000000000e+00
5.747683109e+01 1.000000000e+00
6.019261136e+01 1.000000000e+00
6.303671225e+01 1.000000000e+00
6.601519690e+01 1.000000000e+00
6.913441495e+01 1.000000000e+00
7.240101606e+01 1.000000000e+00
7.582196407e+01 1.000000000e+00
7.940455187e+01 1.000000000e+00
8.315641695e+01 1.000000000e+00
8.708555765e+01 1.000000000e+00
9.120035025e+01 1.000000000e+00
9.550956680e+01 1.000000000e+00
