1.000000000e-06 1.349366913e-14
1.047250000e-06 1.492724342e-14
1.096732562e-06 1.651701535e-14
1.148553176e-06 1.827593011e-14
1.202822314e-06 2.022196469e-14
1.259655668e-06 2.237500396e-14
1.319174398e-06 2.475704378e-14
1.381505389e-06 2.739241439e-14
1.446781518e-06 3.030802804e-14
1.515141945e-06 3.353365261e-14
1.586732402e-06 3.710221421e-14
1.661705508e-06 4.105013190e-14
1.740221093e-06 4.541768764e-14
1.822446540e-06 5.024943576e-14
1.908557139e-06 5.559465457e-14
1.998736464e-06 6.150785058e-14
2.093176761e-06 6.805800834e-14
2.192079363e-06 7.527468758e-14
2.295655113e-06 8.326857218e-14
2.404124817e-06 9.215066054e-14
2.517719715e-06 1.019209777e-13
2.636681972e-06 1.128015789e-13
2.761265195e-06 1.247924285e-13
2.891734975e-06 1.380046099e-13
3.028369453e-06 1.526601602e-13
3.171459909e-06 1.688701090e-13
3.321311390e-06 1.868565091e-13
3.478243353e-06 2.067303875e-13
3.642590352e-06 2.287137878e-13
3.814702746e-06 2.529177829e-13
3.994947451e-06 2.797865165e-13
4.183708718e-06 3.095419602e-13
4.381388955e-06 3.424062061e-13
4.588409583e-06 3.787123910e-13
4.805211935e-06 4.189045998e-13
5.032258199e-06 4.633159399e-13
5.270032399e-06 5.125015787e-13
5.519041430e-06 5.669055990e-13
5.779816138e-06 6.270831782e-13
6.052912450e-06 6.935894431e-13
6.338912564e-06 7.670906797e-13
6.638426182e-06 8.484750517e-13
6.952091819e-06 9.384087925e-13
7.280578158e-06 1.038002216e-12
7.624585476e-06 1.148032422e-12
7.984847139e-06 1.269609951e-12
8.362131167e-06 1.404178185e-12
8.757241864e-06 1.553069363e-12
9.171021543e-06 1.717615881e-12
9.604352310e-06 1.899483473e-12
1.005815796e-05 2.100781528e-12
1.053340592e-05 2.323175588e-12
1.103110935e-05 2.569219537e-12
1.155232927e-05 2.841244954e-12
1.209817683e-05 3.142138707e-12
1.266981568e-05 3.474676607e-12
1.326846447e-05 3.842411970e-12
1.389539942e-05 4.249119653e-12
1.455195704e-05 4.698685935e-12
1.523953701e-05 5.195774353e-12
1.595960513e-05 5.745381368e-12
1.671369648e-05 6.353058637e-12
1.750341863e-05 7.024802153e-12
1.833045516e-05 7.767607108e-12
1.919656917e-05 8.588801566e-12
2.010360706e-05 9.496602413e-12
2.105350250e-05 1.050033642e-11
2.204828049e-05 1.160988572e-11
2.309006174e-05 1.283657602e-11
2.418106716e-05 1.419262107e-11
2.532362259e-05 1.569167840e-11
2.652016375e-05 1.734884877e-11
2.777324149e-05 1.918067651e-11
2.908552715e-05 2.120559375e-11
3.045981831e-05 2.344403100e-11
3.189904472e-05 2.591830650e-11
3.340627459e-05 2.865329257e-11
3.498472106e-05 3.167641504e-11
3.663774913e-05 3.501787608e-11
3.836888278e-05 3.871131967e-11
4.018181249e-05 4.279349907e-11
4.208040313e-05 4.730549819e-11
4.406870218e-05 5.229239774e-11
4.615094835e-05 5.780394272e-11
4.833158066e-05 6.389542984e-11
5.061524785e-05 7.062770750e-11
5.300681831e-05 7.806806469e-11
5.551139048e-05 8.629078550e-11
5.813430368e-05 9.537781620e-11
6.088114953e-05 1.054200972e-10
6.375778384e-05 1.165177844e-10
6.677033913e-05 1.287813614e-10
6.992523765e-05 1.423333037e-10
7.322920513e-05 1.573085230e-10
7.668928507e-05 1.738562556e-10
8.031285379e-05 1.921411722e-10
8.410763613e-05 2.123453768e-10
8.808172194e-05 2.346698501e-10
9.224358330e-05 2.593365598e-10
9.660209261e-05 2.865906811e-10
1.011665415e-04 3.167031504e-10
1.059466606e-04 3.499729973e-10
1.109526403e-04 3.867303435e-10
1.161951525e-04 4.273401774e-10
1.216853735e-04 4.722052412e-10
1.274350074e-04 5.217703619e-10
1.334563115e-04 5.765266710e-10
1.397621222e-04 6.370166013e-10
1.463658825e-04 7.038391057e-10
1.532816704e-04 7.776554318e-10
1.605242294e-04 8.591958954e-10
1.681089992e-04 9.492666538e-10
1.760521494e-04 1.048757702e-09
1.843706135e-04 1.158652088e-09
1.930821250e-04 1.280034575e-09
2.022052554e-04 1.414103078e-09
2.117594537e-04 1.562179883e-09
2.217650879e-04 1.725724965e-09
2.322434883e-04 1.906349542e-09
2.432169931e-04 2.105832842e-09
2.547089960e-04 2.326138089e-09
2.667439961e-04 2.569432939e-09
2.793476499e-04 2.838109580e-09
2.925468263e-04 3.134808492e-09
3.063696639e-04 3.462444100e-09
3.208456305e-04 3.824232759e-09
3.360055866e-04 4.223724400e-09
3.518818505e-04 4.664836400e-09
3.685082680e-04 5.151892114e-09
3.859202836e-04 5.689662407e-09
4.041550170e-04 6.283411736e-09
4.232513416e-04 6.938949567e-09
4.432499675e-04 7.662685675e-09
4.641935284e-04 8.461692885e-09
4.861266726e-04 9.343774809e-09
5.090961579e-04 1.031754125e-08
5.331509514e-04 1.139249092e-08
5.583423338e-04 1.257910320e-08
5.847240091e-04 1.388893891e-08
6.123522185e-04 1.533475108e-08
6.412858609e-04 1.693060797e-08
6.715866178e-04 1.869202730e-08
7.033190855e-04 2.063612589e-08
7.365509123e-04 2.278178327e-08
7.713529429e-04 2.514982198e-08
8.077993694e-04 2.776320753e-08
8.459678896e-04 3.064726726e-08
8.859398724e-04 3.382993237e-08
9.278005314e-04 3.734200436e-08
9.716391065e-04 4.121744849e-08
1.017549054e-03 4.549371723e-08
1.065628247e-03 5.021210694e-08
1.115979182e-03 5.541814955e-08
1.168709198e-03 6.116204578e-08
1.223930708e-03 6.749914081e-08
1.281761434e-03 7.449044909e-08
1.342324661e-03 8.220323201e-08
1.405749502e-03 9.071163375e-08
1.472171166e-03 1.000973826e-07
1.541731253e-03 1.104505618e-07
1.614578055e-03 1.218704592e-07
1.690866868e-03 1.344665029e-07
1.770760327e-03 1.483592905e-07
1.854428753e-03 1.636817230e-07
1.942050512e-03 1.805802526e-07
2.033812398e-03 1.992162563e-07
2.129910034e-03 2.197675479e-07
2.230548283e-03 2.424300422e-07
2.335941690e-03 2.674195856e-07
2.446314934e-03 2.949739722e-07
2.561903315e-03 3.253551607e-07
2.682953247e-03 3.588517148e-07
2.809722788e-03 3.957814871e-07
2.942482189e-03 4.364945727e-07
3.081514473e-03 4.813765579e-07
3.227116032e-03 5.308520938e-07
3.379597264e-03 5.853888267e-07
3.539283235e-03 6.455017202e-07
3.706514368e-03 7.117578103e-07
3.881647171e-03 7.847814318e-07
4.065055000e-03 8.652599662e-07
4.257128849e-03 9.539501613e-07
4.458278187e-03 1.051685078e-06
4.668931832e-03 1.159381729e-06
4.889538861e-03 1.278049469e-06
5.120569572e-03 1.408799225e-06
5.362516484e-03 1.552853633e-06
5.615895388e-03 1.711558180e-06
5.881246445e-03 1.886393446e-06
6.159135339e-03 2.078988557e-06
6.450154484e-03 2.291135956e-06
6.754924284e-03 2.524807639e-06
7.074094456e-03 2.782172980e-06
7.408345419e-03 3.065618314e-06
7.758389740e-03 3.377768436e-06
8.124973655e-03 3.721510209e-06
8.508878661e-03 4.100018491e-06
8.910923177e-03 4.516784589e-06
9.331964297e-03 4.975647496e-06
9.772899610e-03 5.480828180e-06
1.023466912e-02 6.036967210e-06
1.071825723e-02 6.649166049e-06
1.122469489e-02 7.323032357e-06
1.175506172e-02 8.064729700e-06
1.231048839e-02 8.881032075e-06
1.289215896e-02 9.779383716e-06
1.350131347e-02 1.076796469e-05
1.413925054e-02 1.185576281e-05
1.480733012e-02 1.305265254e-05
1.550697647e-02 1.436948142e-05
1.623968111e-02 1.581816488e-05
1.700700604e-02 1.741179009e-05
1.781058708e-02 1.916472988e-05
1.865213732e-02 2.109276745e-05
1.953345081e-02 2.321323311e-05
2.045640636e-02 2.554515399e-05
2.142297156e-02 2.810941813e-05
2.243520696e-02 3.092895412e-05
2.349527049e-02 3.402892784e-05
2.460542202e-02 3.743695790e-05
2.576802821e-02 4.118335150e-05
2.698556755e-02 4.530136257e-05
2.826063561e-02 4.982747440e-05
2.959595065e-02 5.480170882e-05
3.099435931e-02 6.026796460e-05
3.245884279e-02 6.627438767e-05
3.399252311e-02 7.287377601e-05
3.559866983e-02 8.012402268e-05
3.728070698e-02 8.808860013e-05
3.904222038e-02 9.683708991e-05
4.088696530e-02 1.064457618e-04
4.281887441e-02 1.169982066e-04
4.484206622e-02 1.285860286e-04
4.696085385e-02 1.413096010e-04
4.917975420e-02 1.552788928e-04
5.150349758e-02 1.706143713e-04
5.393703784e-02 1.874479883e-04
5.648556288e-02 2.059242574e-04
5.915450573e-02 2.262014302e-04
6.194955612e-02 2.484527814e-04
6.487667265e-02 2.728680111e-04
6.794209543e-02 2.996547762e-04
7.115235944e-02 3.290403625e-04
7.451430843e-02 3.612735083e-04
7.803510950e-02 3.966263964e-04
8.172226842e-02 4.353968262e-04
8.558364561e-02 4.779105850e-04
8.962747286e-02 5.245240335e-04
9.386237095e-02 5.756269280e-04
9.829736798e-02 6.316454973e-04
1.029419186e-01 6.930457991e-04
1.078059243e-01 7.603373803e-04
1.128997542e-01 8.340772686e-04
1.182342676e-01 9.148743243e-04
1.238208367e-01 1.003393985e-03
1.296713713e-01 1.100363440e-03
1.357983436e-01 1.206577266e-03
1.422148153e-01 1.322903578e-03
1.489344653e-01 1.450290727e-03
1.559716188e-01 1.589774600e-03
1.633412778e-01 1.742486583e-03
1.710591532e-01 1.909662226e-03
1.791416981e-01 2.092650700e-03
1.876061434e-01 2.292925086e-03
1.964705337e-01 2.512093599e-03
2.057537664e-01 2.751911806e-03
2.154756318e-01 3.014295938e-03
2.256568554e-01 3.301337393e-03
2.363191419e-01 3.615318526e-03
2.474852213e-01 3.958729849e-03
2.591788980e-01 4.334288756e-03
2.714251009e-01 4.744959903e-03
2.842499370e-01 5.193977401e-03
2.976807465e-01 5.684868953e-03
3.117461618e-01 6.221482115e-03
3.264761679e-01 6.808012863e-03
3.419021668e-01 7.449036634e-03
3.580570442e-01 8.149542066e-03
3.749752396e-01 8.914967640e-03
3.926928196e-01 9.751241447e-03
4.112475553e-01 1.066482433e-02
4.306790023e-01 1.166275663e-02
4.510285852e-01 1.275270881e-02
4.723396858e-01 1.394303625e-02
4.946577360e-01 1.524283833e-02
5.180303140e-01 1.666202234e-02
5.425072464e-01 1.821137214e-02
5.681407138e-01 1.990262209e-02
5.949853625e-01 2.174853629e-02
6.230984209e-01 2.376299336e-02
6.525398212e-01 2.596107693e-02
6.833723278e-01 2.835917172e-02
7.156616703e-01 3.097506539e-02
7.494766842e-01 3.382805577e-02
7.848894575e-01 3.693906321e-02
8.219754844e-01 4.033074753e-02
8.608138261e-01 4.402762864e-02
9.014872793e-01 4.805620982e-02
9.440825533e-01 5.244510204e-02
9.886904539e-01 5.722514727e-02
1.035406078e+00 6.242953830e-02
1.084329015e+00 6.809393158e-02
1.135563561e+00 7.425654907e-02
1.189218939e+00 8.095826384e-02
1.245409534e+00 8.824266323e-02
1.304255135e+00 9.615608170e-02
1.365881190e+00 1.047475944e-01
1.430419076e+00 1.140689601e-01
1.498006377e+00 1.241745011e-01
1.568787179e+00 1.351209040e-01
1.642912373e+00 1.469669253e-01
1.720539982e+00 1.597729800e-01
1.801835497e+00 1.736005923e-01
1.886972224e+00 1.885116832e-01
1.976131661e+00 2.045676680e-01
2.069503882e+00 2.218283350e-01
2.167287941e+00 2.403504779e-01
2.269692296e+00 2.601862536e-01
2.376935257e+00 2.813812396e-01
2.489245448e+00 3.039721746e-01
2.606862295e+00 3.279843699e-01
2.730036539e+00 3.534287991e-01
2.859030765e+00 3.802988879e-01
2.994119969e+00 4.085670569e-01
3.135592137e+00 4.381811009e-01
3.283748866e+00 4.690605316e-01
3.438906000e+00 5.010930600e-01
3.601394308e+00 5.341314500e-01
3.771560189e+00 5.679910356e-01
3.949766408e+00 6.024482497e-01
4.136392871e+00 6.372405633e-01
4.331837434e+00 6.720682610e-01
4.536516753e+00 7.065984759e-01
4.750867170e+00 7.404718544e-01
4.975345643e+00 7.733121022e-01
5.210430725e+00 8.047384680e-01
5.456623577e+00 8.343809400e-01
5.714449041e+00 8.618975656e-01
5.984456758e+00 8.869928870e-01
6.267222340e+00 9.094360568e-01
6.563348595e+00 9.290768346e-01
6.873466817e+00 9.458574637e-01
7.198238124e+00 9.598184880e-01
7.538354875e+00 9.710969838e-01
7.894542143e+00 9.799164746e-01
8.267559259e+00 9.865689313e-01
8.658201434e+00 9.913905545e-01
9.067301452e+00 9.947342386e-01
9.495731445e+00 9.969423890e-01
9.944404756e+00 9.983238420e-01
1.041427788e+01 9.991378694e-01
1.090635251e+01 9.995867825e-01
1.142167767e+01 9.998168400e-01
1.196135194e+01 9.999255492e-01
1.252652582e+01 9.999725061e-01
1.311840416e+01 9.999908708e-01
1.373824876e+01 9.999973055e-01
1.438738101e+01 1.000000000e+00
1.506718476e+01 1.000000000e+00
1.577910924e+01 1.000000000e+00
1.652467216e+01 1.000000000e+00
1.730546291e+01 1.000000000e+00
1.812314604e+01 1.000000000e+00
1.897946469e+01 1.000000000e+00
1.987624439e+01 1.000000000e+00
2.081539694e+01 1.000000000e+00
2.179892445e+01 1.000000000e+00
2.282892363e+01 1.000000000e+00
2.390759027e+01 1.000000000e+00
2.503722391e+01 1.000000000e+00
2.622023274e+01 1.000000000e+00
2.745913874e+01 1.000000000e+00
2.875658304e+01 1.000000000e+00
3.011533159e+01 1.000000000e+00
3.153828101e+01 1.000000000e+00
3.302846479e+01 1.000000000e+00
3.458905975e+01 1.000000000e+00
3.622339282e+01 1.000000000e+00
3.793494813e+01 1.000000000e+00
3.972737443e+01 1.000000000e+00
4.160449287e+01 1.000000000e+00
4.357030516e+01 1.000000000e+00
4.562900208e+01 1.000000000e+00
4.778497243e+01 1.000000000e+00
5.004281237e+01 1.000000000e+00
5.240733526e+01 1.000000000e+00
5.488358185e+01 1.000000000e+00
5.747683109e+01 1.000000000e+00
6.019261136e+01 1.000000000e+00
6.303671225e+01 1.000000000e+00
6.601519690e+01 1.000000000e+00
6.913441495e+01 1.000000000e+00
7.240101606e+01 1.000000000e+00
7.582196407e+01 1.000000000e+00
7.940455187e+01 1.000000000e+00
8.315641695e+01 1.000000000e+00
8.708555765e+01 1.000000000e+00
9.120035025e+01 1.000000000e+00
9.550956680e+01 1.000000000e+00
