1.000000000e+00 1.934063061e-02
1.100000000e+00 2.035534888e-02
1.200000000e+00 2.035193246e-02
1.300000000e+00 1.956912720e-02
1.400000000e+00 1.826341840e-02
1.500000000e+00 1.666857224e-02
1.600000000e+00 1.496367432e-02
1.700000000e+00 1.327509476e-02
1.800000000e+00 1.168210351e-02
1.900000000e+00 1.022560988e-02
2.000000000e+00 8.921943500e-03
2.100000000e+00 7.770581179e-03
2.200000000e+00 6.762937583e-03
2.300000000e+00 5.887042358e-03
2.400000000e+00 5.130709283e-03
2.500000000e+00 4.479715278e-03
2.600000000e+00 3.919567452e-03
2.700000000e+00 3.437042499e-03
2.800000000e+00 3.020289263e-03
2.900000000e+00 2.659983328e-03
3.000000000e+00 2.348090561e-03
3.100000000e+00 2.077379947e-03
3.200000000e+00 1.842409179e-03
3.300000000e+00 1.638276293e-03
3.400000000e+00 1.460440076e-03
3.500000000e+00 1.304939920e-03
3.600000000e+00 1.168864380e-03
3.700000000e+00 1.048766695e-03
3.800000000e+00 9.426466811e-04
3.900000000e+00 8.489261736e-04
4.000000000e+00 7.661910957e-04
4.100000000e+00 6.930450019e-04
4.200000000e+00 6.281169819e-04
4.300000000e+00 5.703543867e-04
4.400000000e+00 5.187841114e-04
4.500000000e+00 4.724482055e-04
4.600000000e+00 4.308497031e-04
4.700000000e+00 3.935718384e-04
4.800000000e+00 3.601798004e-04
4.900000000e+00 3.301945744e-04
5.000000000e+00 3.031359419e-04
5.100000000e+00 2.785912893e-04
5.200000000e+00 2.562610613e-04
5.300000000e+00 2.361287844e-04
5.400000000e+00 2.178472939e-04
5.500000000e+00 2.012749426e-04
5.600000000e+00 1.862377242e-04
5.700000000e+00 1.725395393e-04
5.800000000e+00 1.599962937e-04
5.900000000e+00 1.484668621e-04
6.000000000e+00 1.378608427e-04
6.100000000e+00 1.281211471e-04
6.200000000e+00 1.191957877e-04
6.300000000e+00 1.110177587e-04
6.400000000e+00 1.035440804e-04
6.500000000e+00 9.668384037e-05
6.600000000e+00 9.032744433e-05
6.700000000e+00 8.443377143e-05
6.800000000e+00 7.898078327e-05
6.900000000e+00 7.395027944e-05
7.000000000e+00 6.931458109e-05
7.100000000e+00 6.503329098e-05
7.200000000e+00 6.106060992e-05
7.300000000e+00 5.735686838e-05
7.400000000e+00 5.389609325e-05
7.500000000e+00 5.066514069e-05
7.600000000e+00 4.765606225e-05
7.700000000e+00 4.485765430e-05
7.800000000e+00 4.226558488e-05
7.900000000e+00 3.985884191e-05
8.000000000e+00 3.759825501e-05
8.100000000e+00 3.547080193e-05
8.200000000e+00 3.347191710e-05
8.300000000e+00 3.160208384e-05
8.400000000e+00 2.986159275e-05
8.500000000e+00 2.824664935e-05
8.600000000e+00 2.674831951e-05
8.700000000e+00 2.535394939e-05
8.800000000e+00 2.404980513e-05
8.900000000e+00 2.282344804e-05
9.000000000e+00 2.166498286e-05
9.100000000e+00 2.056741573e-05
9.200000000e+00 1.952677797e-05
9.300000000e+00 1.854188484e-05
9.400000000e+00 1.761297856e-05
9.500000000e+00 1.674280523e-05
9.600000000e+00 1.593348132e-05
9.700000000e+00 1.516962792e-05
9.800000000e+00 1.444488463e-05
9.900000000e+00 1.375470390e-05
1.000000000e+01 1.309808503e-05
