1.000000000e+00 1.721897592e-02
1.100000000e+00 1.788987728e-02
1.200000000e+00 1.766199587e-02
1.300000000e+00 1.676969943e-02
1.400000000e+00 1.546080385e-02
1.500000000e+00 1.394390284e-02
1.600000000e+00 1.237498599e-02
1.700000000e+00 1.085997520e-02
1.800000000e+00 9.459165452e-03
1.900000000e+00 8.200919754e-03
2.000000000e+00 7.091535637e-03
2.100000000e+00 6.124883858e-03
2.200000000e+00 5.289244138e-03
2.300000000e+00 4.572278862e-03
2.400000000e+00 3.958995814e-03
2.500000000e+00 3.435493062e-03
2.600000000e+00 2.988689680e-03
2.700000000e+00 2.606618788e-03
2.800000000e+00 2.280115746e-03
2.900000000e+00 1.999213360e-03
3.000000000e+00 1.757039643e-03
3.100000000e+00 1.548061263e-03
3.200000000e+00 1.367604805e-03
3.300000000e+00 1.211537055e-03
3.400000000e+00 1.076841240e-03
3.500000000e+00 9.593815563e-04
3.600000000e+00 8.564840237e-04
3.700000000e+00 7.660716812e-04
3.800000000e+00 6.865416580e-04
3.900000000e+00 6.165746551e-04
4.000000000e+00 5.549745518e-04
4.100000000e+00 5.008977224e-04
4.200000000e+00 4.530560726e-04
4.300000000e+00 4.104414113e-04
4.400000000e+00 3.723651428e-04
4.500000000e+00 3.383123782e-04
4.600000000e+00 3.078706327e-04
4.700000000e+00 2.806581116e-04
4.800000000e+00 2.562902427e-04
4.900000000e+00 2.343921407e-04
5.000000000e+00 2.147829054e-04
5.100000000e+00 1.970669275e-04
5.200000000e+00 1.810226560e-04
5.300000000e+00 1.665059349e-04
5.400000000e+00 1.533765664e-04
5.500000000e+00 1.414817263e-04
5.600000000e+00 1.306645313e-04
5.700000000e+00 1.207862283e-04
5.800000000e+00 1.117431337e-04
5.900000000e+00 1.034659339e-04
6.000000000e+00 9.590291508e-05
6.100000000e+00 8.907039963e-05
6.200000000e+00 8.282741023e-05
6.300000000e+00 7.709186551e-05
6.400000000e+00 7.179561066e-05
6.500000000e+00 6.689134046e-05
6.600000000e+00 6.235487691e-05
6.700000000e+00 5.817503076e-05
6.800000000e+00 5.433838373e-05
6.900000000e+00 5.081885810e-05
7.000000000e+00 4.757791955e-05
7.100000000e+00 4.457392518e-05
7.200000000e+00 4.177357467e-05
7.300000000e+00 3.915802841e-05
7.400000000e+00 3.674006023e-05
7.500000000e+00 3.450644185e-05
7.600000000e+00 3.243686558e-05
7.700000000e+00 3.051629864e-05
7.800000000e+00 2.872488825e-05
7.900000000e+00 2.704418811e-05
8.000000000e+00 2.546234832e-05
8.100000000e+00 2.397525082e-05
8.200000000e+00 2.258350687e-05
8.300000000e+00 2.128783087e-05
8.400000000e+00 2.008588587e-05
8.500000000e+00 1.897196546e-05
8.600000000e+00 1.793848145e-05
8.700000000e+00 1.697743998e-05
8.800000000e+00 1.608093023e-05
8.900000000e+00 1.524087721e-05
9.000000000e+00 1.445371511e-05
9.100000000e+00 1.371501857e-05
9.200000000e+00 1.301208825e-05
9.300000000e+00 1.234465527e-05
9.400000000e+00 1.171548405e-05
9.500000000e+00 1.112690705e-05
9.600000000e+00 1.057752281e-05
9.700000000e+00 1.006139464e-05
9.800000000e+00 9.570462100e-06
9.900000000e+00 9.098672098e-06
1.000000000e+01 8.645241919e-06
