0.000000000e+00 -5.200986127e-32
1.000000000e-02 5.134116601e-04
4.000000000e-02 7.906701205e-03
9.000000000e-02 3.763304660e-02
1.600000000e-01 1.095209351e-01
2.500000000e-01 2.419284725e-01
3.600000000e-01 4.475556460e-01
4.900000000e-01 7.318535729e-01
6.400000000e-01 1.093631278e+00
8.100000000e-01 1.526836730e+00
1.000000000e+00 2.022568818e+00
1.210000000e+00 2.570770616e+00
1.440000000e+00 3.161419591e+00
1.690000000e+00 3.785240726e+00
1.960000000e+00 4.434050696e+00
2.250000000e+00 5.100856606e+00
2.560000000e+00 5.779816536e+00
2.890000000e+00 6.466135552e+00
3.240000000e+00 7.155935233e+00
3.610000000e+00 7.846113624e+00
4.000000000e+00 8.534208787e+00
4.410000000e+00 9.218280125e+00
4.840000000e+00 9.896814673e+00
5.290000000e+00 1.056865303e+01
5.760000000e+00 1.123292425e+01
6.250000000e+00 1.188898586e+01
6.760000000e+00 1.253637469e+01
7.290000000e+00 1.317477409e+01
7.840000000e+00 1.380399310e+01
8.410000000e+00 1.442394673e+01
9.000000000e+00 1.503463134e+01
9.610000000e+00 1.563610007e+01
1.024000000e+01 1.622844652e+01
1.089000000e+01 1.681179746e+01
1.156000000e+01 1.738630604e+01
1.225000000e+01 1.795213862e+01
1.296000000e+01 1.850945814e+01
1.369000000e+01 1.905841350e+01
1.444000000e+01 1.959913926e+01
1.521000000e+01 2.013176028e+01
1.600000000e+01 2.065639267e+01
1.681000000e+01 2.117314018e+01
1.764000000e+01 2.168209304e+01
1.849000000e+01 2.218333637e+01
1.936000000e+01 2.267696547e+01
2.025000000e+01 2.316309966e+01
2.116000000e+01 2.364188892e+01
2.209000000e+01 2.411351578e+01
2.304000000e+01 2.457819844e+01
2.401000000e+01 2.503619619e+01
2.500000000e+01 2.548781194e+01
2.601000000e+01 2.593338551e+01
2.704000000e+01 2.637327802e+01
2.809000000e+01 2.680785270e+01
2.916000000e+01 2.723745779e+01
3.025000000e+01 2.766241187e+01
3.136000000e+01 2.808298854e+01
3.249000000e+01 2.849939972e+01
3.364000000e+01 2.891178170e+01
3.481000000e+01 2.932019104e+01
3.600000000e+01 2.972461342e+01
3.721000000e+01 3.012498201e+01
3.844000000e+01 3.052119792e+01
3.969000000e+01 3.091314686e+01
4.096000000e+01 3.130071217e+01
4.225000000e+01 3.168378748e+01
4.356000000e+01 3.206229086e+01
4.489000000e+01 3.243617763e+01
4.624000000e+01 3.280544752e+01
4.761000000e+01 3.317014444e+01
4.900000000e+01 3.353035165e+01
5.041000000e+01 3.388618593e+01
5.184000000e+01 3.423779089e+01
5.329000000e+01 3.458532646e+01
5.476000000e+01 3.492895277e+01
5.625000000e+01 3.526881219e+01
5.776000000e+01 3.560501665e+01
5.929000000e+01 3.593764520e+01
6.084000000e+01 3.626675132e+01
6.241000000e+01 3.659237515e+01
6.400000000e+01 3.691455723e+01
6.561000000e+01 3.723335366e+01
6.724000000e+01 3.754885404e+01
6.889000000e+01 3.786120049e+01
7.056000000e+01 3.817060319e+01
7.225000000e+01 3.847734710e+01
7.396000000e+01 3.878178794e+01
7.569000000e+01 3.908433720e+01
7.744000000e+01 3.938543771e+01
7.921000000e+01 3.968553050e+01
8.100000000e+01 3.998501436e+01
8.281000000e+01 4.028420205e+01
8.464000000e+01 4.058327978e+01
8.649000000e+01 4.088227644e+01
8.836000000e+01 4.118104621e+01
9.025000000e+01 4.147926488e+01
9.216000000e+01 4.177643964e+01
9.409000000e+01 4.207193219e+01
9.604000000e+01 4.236499602e+01
9.801000000e+01 4.265482664e+01
1.000000000e+02 4.294062178e+01
1.020100000e+02 4.322164711e+01
1.040400000e+02 4.349730242e+01
1.060900000e+02 4.376718166e+01
1.081600000e+02 4.403111966e+01
1.102500000e+02 4.428921899e+01
1.123600000e+02 4.454185302e+01
1.144900000e+02 4.478964453e+01
1.166400000e+02 4.503342210e+01
1.188100000e+02 4.527415918e+01
1.210000000e+02 4.551290222e+01
1.232100000e+02 4.575069589e+01
1.254400000e+02 4.598851208e+01
1.276900000e+02 4.622718786e+01
1.299600000e+02 4.646737609e+01
1.322500000e+02 4.670951180e+01
1.345600000e+02 4.695379710e+01
1.368900000e+02 4.720020595e+01
1.392400000e+02 4.744850730e+01
1.416100000e+02 4.769830280e+01
1.440000000e+02 4.794907423e+01
1.464100000e+02 4.820023588e+01
1.488400000e+02 4.845118713e+01
1.512900000e+02 4.870135979e+01
1.537600000e+02 4.895025459e+01
1.562500000e+02 4.919746249e+01
1.587600000e+02 4.944266958e+01
1.612900000e+02 4.968564675e+01
1.638400000e+02 4.992622742e+01
1.664100000e+02 5.016427661e+01
1.690000000e+02 5.039965531e+01
1.716100000e+02 5.063218566e+01
1.742400000e+02 5.086162353e+01
1.768900000e+02 5.108764528e+01
1.795600000e+02 5.130985362e+01
1.822500000e+02 5.152780456e+01
1.849600000e+02 5.174105376e+01
1.876900000e+02 5.194921841e+01
1.904400000e+02 5.215204814e+01
1.932100000e+02 5.234949771e+01
1.960000000e+02 5.254179241e+01
1.988100000e+02 5.272947678e+01
2.016400000e+02 5.291343776e+01
2.044900000e+02 5.309489335e+01
2.073600000e+02 5.327534357e+01
2.102500000e+02 5.345648429e+01
2.131600000e+02 5.364009067e+01
2.160900000e+02 5.382788107e+01
2.190400000e+02 5.402137329e+01
2.220100000e+02 5.422174601e+01
2.250000000e+02 5.442971831e+01
2.280100000e+02 5.464546073e+01
2.310400000e+02 5.486855035e+01
2.340900000e+02 5.509797722e+01
2.371600000e+02 5.533220298e+01
2.402500000e+02 5.556926534e+01
2.433600000e+02 5.580691701e+01
2.464900000e+02 5.604278601e+01
2.496400000e+02 5.627454356e+01
2.528100000e+02 5.650006522e+01
2.560000000e+02 5.671757240e+01
2.592100000e+02 5.692574258e+01
2.624400000e+02 5.712378048e+01
2.656900000e+02 5.731144630e+01
2.689600000e+02 5.748904100e+01
2.722500000e+02 5.765735277e+01
2.755600000e+02 5.781757183e+01
2.788900000e+02 5.797118482e+01
2.822400000e+02 5.811986093e+01
2.856100000e+02 5.826534020e+01
2.890000000e+02 5.840933422e+01
2.924100000e+02 5.855344319e+01
2.958400000e+02 5.869909423e+01
2.992900000e+02 5.884750235e+01
3.027600000e+02 5.899965522e+01
3.062500000e+02 5.915631999e+01
3.097600000e+02 5.931806657e+01
3.132900000e+02 5.948530028e+01
3.168400000e+02 5.965829381e+01
3.204100000e+02 5.983721153e+01
3.240000000e+02 6.002212029e+01
3.276100000e+02 6.021298507e+01
3.312400000e+02 6.040964860e+01
3.348900000e+02 6.061179781e+01
3.385600000e+02 6.081892233e+01
3.422500000e+02 6.103027171e+01
3.459600000e+02 6.124482071e+01
3.496900000e+02 6.146124894e+01
3.534400000e+02 6.167794234e+01
3.572100000e+02 6.189302008e+01
3.610000000e+02 6.210439207e+01
3.648100000e+02 6.230984806e+01
3.686400000e+02 6.250717701e+01
3.724900000e+02 6.269430981e+01
3.763600000e+02 6.286947328e+01
3.802500000e+02 6.303134240e+01
3.841600000e+02 6.317917546e+01
3.880900000e+02 6.331292014e+01
3.920400000e+02 6.343327900e+01
3.960100000e+02 6.354172515e+01
4.000000000e+02 6.364046291e+01
4.040100000e+02 6.373233383e+01
4.080400000e+02 6.382067247e+01
4.120900000e+02 6.390912216e+01
4.161600000e+02 6.400142271e+01
4.202500000e+02 6.410118337e+01
4.243600000e+02 6.421165779e+01
4.284900000e+02 6.433553738e+01
4.326400000e+02 6.447477996e+01
4.368100000e+02 6.463048686e+01
4.410000000e+02 6.480283733e+01
4.452100000e+02 6.499108379e+01
4.494400000e+02 6.519360636e+01
4.536900000e+02 6.540802162e+01
4.579600000e+02 6.563133168e+01
4.622500000e+02 6.586011050e+01
4.665600000e+02 6.609069688e+01
4.708900000e+02 6.631939609e+01
4.752400000e+02 6.654266751e+01
4.796100000e+02 6.675729111e+01
4.840000000e+02 6.696050472e+01
4.884100000e+02 6.715010673e+01
4.928400000e+02 6.732452300e+01
4.972900000e+02 6.748283796e+01
5.017600000e+02 6.762479331e+01
5.062500000e+02 6.775075989e+01
5.107600000e+02 6.786168702e+01
5.152900000e+02 6.795903904e+01
5.198400000e+02 6.804472249e+01
5.244100000e+02 6.812100929e+01
5.290000000e+02 6.819046002e+01
5.336100000e+02 6.825584683e+01
5.382400000e+02 6.832007791e+01
5.428900000e+02 6.838612047e+01
5.475600000e+02 6.845692073e+01
5.522500000e+02 6.853531802e+01
5.569600000e+02 6.862395310e+01
5.616900000e+02 6.872517011e+01
5.664400000e+02 6.884091573e+01
5.712100000e+02 6.897263976e+01
5.760000000e+02 6.912120179e+01
5.808100000e+02 6.928679311e+01
5.856400000e+02 6.946887942e+01
5.904900000e+02 6.966617381e+01
5.953600000e+02 6.987664438e+01
6.002500000e+02 7.009756100e+01
6.051600000e+02 7.032558195e+01
6.100900000e+02 7.055687890e+01
6.150400000e+02 7.078729773e+01
6.200100000e+02 7.101254659e+01
6.250000000e+02 7.122840413e+01
6.300100000e+02 7.143093475e+01
6.350400000e+02 7.161669625e+01
6.400900000e+02 7.178293687e+01
6.451600000e+02 7.192775176e+01
6.502500000e+02 7.205020615e+01
6.553600000e+02 7.215040437e+01
6.604900000e+02 7.222950507e+01
6.656400000e+02 7.228967881e+01
6.708100000e+02 7.233401049e+01
6.760000000e+02 7.236635293e+01
6.812100000e+02 7.239113886e+01
6.864400000e+02 7.241316381e+01
6.916900000e+02 7.243735083e+01
6.969600000e+02 7.246851098e+01
7.022500000e+02 7.251111227e+01
7.075600000e+02 7.256906898e+01
7.128900000e+02 7.264556325e+01
7.182400000e+02 7.274290521e+01
7.236100000e+02 7.286243957e+01
7.290000000e+02 7.300449747e+01
7.344100000e+02 7.316839741e+01
7.398400000e+02 7.335248863e+01
7.452900000e+02 7.355423885e+01
7.507600000e+02 7.377035687e+01
7.562500000e+02 7.399694469e+01
7.617600000e+02 7.422967092e+01
7.672900000e+02 7.446395839e+01
7.728400000e+02 7.469517747e+01
7.784100000e+02 7.491883729e+01
7.840000000e+02 7.513076921e+01
7.896100000e+02 7.532729352e+01
7.952400000e+02 7.550536417e+01
8.008900000e+02 7.566268551e+01
8.065600000e+02 7.579780464e+01
8.122500000e+02 7.591016099e+01
8.179600000e+02 7.600011255e+01
8.236900000e+02 7.606892332e+01
8.294400000e+02 7.611871215e+01
8.352100000e+02 7.615237208e+01
8.410000000e+02 7.617345611e+01
8.468100000e+02 7.618603642e+01
8.526400000e+02 7.619453979e+01
8.584900000e+02 7.620357224e+01
8.643600000e+02 7.621772537e+01
8.702500000e+02 7.624138644e+01
8.761600000e+02 7.627855100e+01
8.820900000e+02 7.633264897e+01
8.880400000e+02 7.640639261e+01
8.940100000e+02 7.650165059e+01
