0.000000000e+00 inf
2.500000000e-01 8.389500124e-04
1.000000000e+00 7.401633966e-01
2.250000000e+00 1.771601348e+00
4.000000000e+00 2.316882084e+00
6.250000000e+00 2.771739736e+00
9.000000000e+00 3.146791846e+00
1.225000000e+01 3.457549297e+00
1.600000000e+01 3.717321276e+00
2.025000000e+01 3.936589642e+00
2.500000000e+01 4.123624186e+00
3.025000000e+01 4.284391928e+00
3.600000000e+01 4.423503358e+00
4.225000000e+01 4.544775449e+00
4.900000000e+01 4.651466259e+00
5.625000000e+01 4.745741537e+00
6.400000000e+01 4.829303975e+00
7.225000000e+01 4.903722250e+00
8.100000000e+01 4.970526314e+00
9.025000000e+01 5.030391594e+00
1.000000000e+02 5.084351965e+00
1.102500000e+02 5.133025853e+00
1.210000000e+02 5.177175110e+00
1.322500000e+02 5.217341905e+00
1.440000000e+02 5.253731231e+00
1.562500000e+02 5.286883763e+00
1.690000000e+02 5.317127022e+00
1.822500000e+02 5.344664702e+00
1.960000000e+02 5.369787435e+00
2.102500000e+02 5.392801880e+00
2.250000000e+02 5.413452464e+00
2.402500000e+02 5.432365897e+00
2.560000000e+02 5.449377953e+00
2.722500000e+02 5.464616950e+00
2.890000000e+02 5.478189147e+00
3.062500000e+02 5.490162782e+00
3.240000000e+02 5.500181596e+00
3.422500000e+02 5.509013719e+00
3.610000000e+02 5.516317535e+00
3.802500000e+02 5.521191662e+00
4.000000000e+02 5.524055722e+00
