1.000000000e+00 2.337404528e-02
1.100000000e+00 2.152787170e-02
1.200000000e+00 1.610893966e-02
1.300000000e+00 1.036524053e-02
1.400000000e+00 6.041243512e-03
1.500000000e+00 3.283571223e-03
1.600000000e+00 1.686310339e-03
1.700000000e+00 8.387514798e-04
1.800000000e+00 4.329118968e-04
1.900000000e+00 2.623149389e-04
2.000000000e+00 2.023179785e-04
2.100000000e+00 1.858067699e-04
2.200000000e+00 1.812599273e-04
2.300000000e+00 1.765384431e-04
2.400000000e+00 1.686198118e-04
2.500000000e+00 1.579594936e-04
2.600000000e+00 1.458437281e-04
2.700000000e+00 1.333920283e-04
2.800000000e+00 1.213281766e-04
2.900000000e+00 1.100347308e-04
3.000000000e+00 9.966854611e-05
3.100000000e+00 9.025792071e-05
3.200000000e+00 8.176606199e-05
3.300000000e+00 7.412733250e-05
3.400000000e+00 6.726621940e-05
3.500000000e+00 6.110664826e-05
3.600000000e+00 5.557629166e-05
3.700000000e+00 5.060838306e-05
3.800000000e+00 4.614230870e-05
3.900000000e+00 4.212358308e-05
4.000000000e+00 3.850352194e-05
4.100000000e+00 3.523879386e-05
4.200000000e+00 3.229093210e-05
4.300000000e+00 2.962583913e-05
4.400000000e+00 2.721333130e-05
4.500000000e+00 2.502668992e-05
4.600000000e+00 2.304228741e-05
4.700000000e+00 2.123922863e-05
4.800000000e+00 1.959897752e-05
4.900000000e+00 1.810494635e-05
5.000000000e+00 1.674218863e-05
5.100000000e+00 1.549735065e-05
5.200000000e+00 1.435894943e-05
5.300000000e+00 1.331735959e-05
5.400000000e+00 1.236384547e-05
5.500000000e+00 1.148941507e-05
5.600000000e+00 1.068547465e-05
5.700000000e+00 9.945764833e-06
5.800000000e+00 9.266011207e-06
5.900000000e+00 8.640612963e-06
6.000000000e+00 8.063064372e-06
6.100000000e+00 7.529505000e-06
6.200000000e+00 7.037599213e-06
6.300000000e+00 6.582746473e-06
6.400000000e+00 6.161016204e-06
6.500000000e+00 5.770896035e-06
6.600000000e+00 5.409408286e-06
6.700000000e+00 5.073504272e-06
6.800000000e+00 4.761886987e-06
6.900000000e+00 4.472276391e-06
7.000000000e+00 4.202773678e-06
7.100000000e+00 3.952126061e-06
7.200000000e+00 3.718480950e-06
7.300000000e+00 3.500692295e-06
7.400000000e+00 3.297587465e-06
7.500000000e+00 3.108029699e-06
7.600000000e+00 2.930933878e-06
7.700000000e+00 2.765405179e-06
7.800000000e+00 2.610519711e-06
7.900000000e+00 2.465558674e-06
8.000000000e+00 2.329816820e-06
8.100000000e+00 2.202574503e-06
8.200000000e+00 2.083336158e-06
8.300000000e+00 1.971389744e-06
8.400000000e+00 1.866382704e-06
8.500000000e+00 1.767664283e-06
8.600000000e+00 1.674967428e-06
8.700000000e+00 1.587724959e-06
8.800000000e+00 1.505714033e-06
8.900000000e+00 1.428451244e-06
9.000000000e+00 1.355744379e-06
9.100000000e+00 1.287179524e-06
9.200000000e+00 1.222595341e-06
9.300000000e+00 1.161629422e-06
9.400000000e+00 1.104155980e-06
9.500000000e+00 1.049851483e-06
9.600000000e+00 9.985834810e-07
9.700000000e+00 9.501485588e-07
9.800000000e+00 9.043146868e-07
9.900000000e+00 8.610234410e-07
1.000000000e+01 8.200228554e-07
