1.000000000e+00 3.910957562e-01
1.020100000e+00 4.051756837e-01
1.040400000e+00 4.195352472e-01
1.060900000e+00 4.341738735e-01
1.081600000e+00 4.490908924e-01
1.102500000e+00 4.642855394e-01
1.123600000e+00 4.797569593e-01
1.144900000e+00 4.955042087e-01
1.166400000e+00 5.115262590e-01
1.188100000e+00 5.278219998e-01
1.210000000e+00 5.443902416e-01
1.232100000e+00 5.612297185e-01
1.254400000e+00 5.783390915e-01
1.276900000e+00 5.957169514e-01
1.299600000e+00 6.133618214e-01
1.322500000e+00 6.312721601e-01
1.345600000e+00 6.494463644e-01
1.368900000e+00 6.678827719e-01
1.392400000e+00 6.865796641e-01
1.416100000e+00 7.055352687e-01
1.440000000e+00 7.247477623e-01
1.464100000e+00 7.442152732e-01
1.488400000e+00 7.639358836e-01
1.512900000e+00 7.839076324e-01
1.537600000e+00 8.041285174e-01
1.562500000e+00 8.245964977e-01
1.587600000e+00 8.453094963e-01
1.612900000e+00 8.662654019e-01
1.638400000e+00 8.874620715e-01
1.664100000e+00 9.088973325e-01
1.690000000e+00 9.305689846e-01
1.716100000e+00 9.524748022e-01
1.742400000e+00 9.746125361e-01
1.768900000e+00 9.969799154e-01
1.795600000e+00 1.019574650e+00
1.822500000e+00 1.042394431e+00
1.849600000e+00 1.065436935e+00
1.876900000e+00 1.088699824e+00
1.904400000e+00 1.112180745e+00
1.932100000e+00 1.135877337e+00
1.960000000e+00 1.159787228e+00
1.988100000e+00 1.183908039e+00
2.016400000e+00 1.208237384e+00
2.044900000e+00 1.232772871e+00
2.073600000e+00 1.257512107e+00
2.102500000e+00 1.282452695e+00
2.131600000e+00 1.307592235e+00
2.160900000e+00 1.332928332e+00
2.190400000e+00 1.358458588e+00
2.220100000e+00 1.384180609e+00
2.250000000e+00 1.410092005e+00
2.280100000e+00 1.436190390e+00
2.310400000e+00 1.462473383e+00
2.340900000e+00 1.488938612e+00
2.371600000e+00 1.515583710e+00
2.402500000e+00 1.542406319e+00
2.433600000e+00 1.569404090e+00
2.464900000e+00 1.596574685e+00
2.496400000e+00 1.623915775e+00
2.528100000e+00 1.651425043e+00
2.560000000e+00 1.679100184e+00
2.592100000e+00 1.706938908e+00
2.624400000e+00 1.734938933e+00
2.656900000e+00 1.763097996e+00
2.689600000e+00 1.791413846e+00
2.722500000e+00 1.819884247e+00
2.755600000e+00 1.848506978e+00
2.788900000e+00 1.877279834e+00
2.822400000e+00 1.906200627e+00
2.856100000e+00 1.935267183e+00
2.890000000e+00 1.964477348e+00
2.924100000e+00 1.993828983e+00
2.958400000e+00 2.023319967e+00
2.992900000e+00 2.052948196e+00
3.027600000e+00 2.082711585e+00
3.062500000e+00 2.112608065e+00
3.097600000e+00 2.142635589e+00
3.132900000e+00 2.172792124e+00
3.168400000e+00 2.203075659e+00
3.204100000e+00 2.233484199e+00
3.240000000e+00 2.264015771e+00
3.276100000e+00 2.294668417e+00
3.312400000e+00 2.325440201e+00
3.348900000e+00 2.356329204e+00
3.385600000e+00 2.387333527e+00
3.422500000e+00 2.418451291e+00
3.459600000e+00 2.449680633e+00
3.496900000e+00 2.481019713e+00
3.534400000e+00 2.512466706e+00
3.572100000e+00 2.544019810e+00
3.610000000e+00 2.575677238e+00
3.648100000e+00 2.607437225e+00
3.686400000e+00 2.639298023e+00
3.724900000e+00 2.671257905e+00
3.763600000e+00 2.703315160e+00
3.802500000e+00 2.735468097e+00
3.841600000e+00 2.767715045e+00
3.880900000e+00 2.800054349e+00
3.920400000e+00 2.832484375e+00
3.960100000e+00 2.865003506e+00
4.000000000e+00 2.897610142e+00
4.040100000e+00 2.930302705e+00
4.080400000e+00 2.963079631e+00
4.120900000e+00 2.995939377e+00
4.161600000e+00 3.028880417e+00
4.202500000e+00 3.061901242e+00
4.243600000e+00 3.095000362e+00
4.284900000e+00 3.128176305e+00
4.326400000e+00 3.161427615e+00
4.368100000e+00 3.194752855e+00
4.410000000e+00 3.228150605e+00
4.452100000e+00 3.261619461e+00
4.494400000e+00 3.295158039e+00
4.536900000e+00 3.328764970e+00
4.579600000e+00 3.362438902e+00
4.622500000e+00 3.396178501e+00
4.665600000e+00 3.429982449e+00
4.708900000e+00 3.463849452e+00
4.752400000e+00 3.497778209e+00
4.796100000e+00 3.531767467e+00
4.840000000e+00 3.565815972e+00
4.884100000e+00 3.599922489e+00
4.928400000e+00 3.634085798e+00
4.972900000e+00 3.668304698e+00
5.017600000e+00 3.702578002e+00
5.062500000e+00 3.736904541e+00
5.107600000e+00 3.771283160e+00
5.152900000e+00 3.805712720e+00
5.198400000e+00 3.840192099e+00
5.244100000e+00 3.874720189e+00
5.290000000e+00 3.909295898e+00
5.336100000e+00 3.943918148e+00
5.382400000e+00 3.978585880e+00
5.428900000e+00 4.013298045e+00
5.475600000e+00 4.048053612e+00
5.522500000e+00 4.082851564e+00
5.569600000e+00 4.117690898e+00
5.616900000e+00 4.152570627e+00
5.664400000e+00 4.187489776e+00
5.712100000e+00 4.222447386e+00
5.760000000e+00 4.257442510e+00
5.808100000e+00 4.292474218e+00
5.856400000e+00 4.327541591e+00
5.904900000e+00 4.362643723e+00
5.953600000e+00 4.397779724e+00
6.002500000e+00 4.432948714e+00
6.051600000e+00 4.468149829e+00
6.100900000e+00 4.503382216e+00
6.150400000e+00 4.538645033e+00
6.200100000e+00 4.573937454e+00
6.250000000e+00 4.609258663e+00
6.300100000e+00 4.644607856e+00
6.350400000e+00 4.679984240e+00
6.400900000e+00 4.715387036e+00
6.451600000e+00 4.750815475e+00
6.502500000e+00 4.786268799e+00
6.553600000e+00 4.821746262e+00
6.604900000e+00 4.857247127e+00
6.656400000e+00 4.892770669e+00
6.708100000e+00 4.928316173e+00
6.760000000e+00 4.963882936e+00
6.812100000e+00 4.999470262e+00
6.864400000e+00 5.035077466e+00
6.916900000e+00 5.070703875e+00
6.969600000e+00 5.106348823e+00
7.022500000e+00 5.142011654e+00
7.075600000e+00 5.177691720e+00
7.128900000e+00 5.213388385e+00
7.182400000e+00 5.249101019e+00
7.236100000e+00 5.284829003e+00
7.290000000e+00 5.320571725e+00
7.344100000e+00 5.356328581e+00
7.398400000e+00 5.392098977e+00
7.452900000e+00 5.427882326e+00
7.507600000e+00 5.463678049e+00
7.562500000e+00 5.499485576e+00
7.617600000e+00 5.535304344e+00
7.672900000e+00 5.571133797e+00
7.728400000e+00 5.606973388e+00
7.784100000e+00 5.642822576e+00
7.840000000e+00 5.678680829e+00
7.896100000e+00 5.714547620e+00
7.952400000e+00 5.750422433e+00
8.008900000e+00 5.786304755e+00
8.065600000e+00 5.822194083e+00
8.122500000e+00 5.858089919e+00
8.179600000e+00 5.893991773e+00
8.236900000e+00 5.929899162e+00
8.294400000e+00 5.965811609e+00
8.352100000e+00 6.001728646e+00
8.410000000e+00 6.037649808e+00
8.468100000e+00 6.073574640e+00
8.526400000e+00 6.109502693e+00
8.584900000e+00 6.145433522e+00
8.643600000e+00 6.181366693e+00
8.702500000e+00 6.217301775e+00
8.761600000e+00 6.253238344e+00
8.820900000e+00 6.289175984e+00
8.880400000e+00 6.325114285e+00
8.940100000e+00 6.361052842e+00
9.000000000e+00 6.396991258e+00
9.060100000e+00 6.432929141e+00
9.120400000e+00 6.468866106e+00
9.180900000e+00 6.504801776e+00
9.241600000e+00 6.540735776e+00
9.302500000e+00 6.576667740e+00
9.363600000e+00 6.612597309e+00
9.424900000e+00 6.648524127e+00
9.486400000e+00 6.684447847e+00
9.548100000e+00 6.720368126e+00
9.610000000e+00 6.756284629e+00
9.672100000e+00 6.792197023e+00
9.734400000e+00 6.828104984e+00
9.796900000e+00 6.864008194e+00
9.859600000e+00 6.899906339e+00
9.922500000e+00 6.935799110e+00
9.985600000e+00 6.971686205e+00
1.004890000e+01 7.007567327e+00
1.011240000e+01 7.043442183e+00
1.017610000e+01 7.079310488e+00
1.024000000e+01 7.115171959e+00
1.030410000e+01 7.151026320e+00
1.036840000e+01 7.186873299e+00
1.043290000e+01 7.222712628e+00
1.049760000e+01 7.258544045e+00
1.056250000e+01 7.294367293e+00
1.062760000e+01 7.330182117e+00
1.069290000e+01 7.365988269e+00
1.075840000e+01 7.401785504e+00
1.082410000e+01 7.437573580e+00
1.089000000e+01 7.473352260e+00
1.095610000e+01 7.509121312e+00
1.102240000e+01 7.544880506e+00
1.108890000e+01 7.580629615e+00
1.115560000e+01 7.616368417e+00
1.122250000e+01 7.652096694e+00
1.128960000e+01 7.687814229e+00
1.135690000e+01 7.723520809e+00
1.142440000e+01 7.759216225e+00
1.149210000e+01 7.794900269e+00
1.156000000e+01 7.830572737e+00
1.162810000e+01 7.866233428e+00
1.169640000e+01 7.901882142e+00
1.176490000e+01 7.937518683e+00
1.183360000e+01 7.973142856e+00
1.190250000e+01 8.008754469e+00
1.197160000e+01 8.044353333e+00
1.204090000e+01 8.079939260e+00
1.211040000e+01 8.115512063e+00
1.218010000e+01 8.151071560e+00
1.225000000e+01 8.186617567e+00
1.232010000e+01 8.222149905e+00
1.239040000e+01 8.257668395e+00
1.246090000e+01 8.293172860e+00
1.253160000e+01 8.328663126e+00
1.260250000e+01 8.364139018e+00
1.267360000e+01 8.399600364e+00
1.274490000e+01 8.435046994e+00
1.281640000e+01 8.470478739e+00
1.288810000e+01 8.505895431e+00
1.296000000e+01 8.541296904e+00
1.303210000e+01 8.576682992e+00
1.310440000e+01 8.612053534e+00
1.317690000e+01 8.647408366e+00
1.324960000e+01 8.682747327e+00
1.332250000e+01 8.718070260e+00
1.339560000e+01 8.753377005e+00
1.346890000e+01 8.788667406e+00
1.354240000e+01 8.823941309e+00
1.361610000e+01 8.859198560e+00
1.369000000e+01 8.894439007e+00
1.376410000e+01 8.929662497e+00
1.383840000e+01 8.964868884e+00
1.391290000e+01 9.000058017e+00
1.398760000e+01 9.035229752e+00
1.406250000e+01 9.070383942e+00
1.413760000e+01 9.105520445e+00
1.421290000e+01 9.140639119e+00
1.428840000e+01 9.175739823e+00
1.436410000e+01 9.210822418e+00
1.444000000e+01 9.245886768e+00
1.451610000e+01 9.280932736e+00
1.459240000e+01 9.315960188e+00
1.466890000e+01 9.350968992e+00
1.474560000e+01 9.385959017e+00
1.482250000e+01 9.420930134e+00
1.489960000e+01 9.455882214e+00
1.497690000e+01 9.490815132e+00
1.505440000e+01 9.525728764e+00
1.513210000e+01 9.560622985e+00
1.521000000e+01 9.595497677e+00
1.528810000e+01 9.630352717e+00
1.536640000e+01 9.665187989e+00
1.544490000e+01 9.700003376e+00
1.552360000e+01 9.734798763e+00
1.560250000e+01 9.769574037e+00
1.568160000e+01 9.804329086e+00
1.576090000e+01 9.839063800e+00
1.584040000e+01 9.873778070e+00
1.592010000e+01 9.908471789e+00
1.600000000e+01 9.943144851e+00
1.608010000e+01 9.977797151e+00
1.616040000e+01 1.001242871e+01
1.624090000e+01 1.004703906e+01
1.632160000e+01 1.008162847e+01
1.640250000e+01 1.011619671e+01
1.648360000e+01 1.015074369e+01
1.656490000e+01 1.018526931e+01
1.664640000e+01 1.021977348e+01
1.672810000e+01 1.025425611e+01
1.681000000e+01 1.028871710e+01
1.689210000e+01 1.032315636e+01
1.697440000e+01 1.035757380e+01
1.705690000e+01 1.039196934e+01
1.713960000e+01 1.042634288e+01
1.722250000e+01 1.046069435e+01
1.730560000e+01 1.049502366e+01
1.738890000e+01 1.052933071e+01
1.747240000e+01 1.056361545e+01
1.755610000e+01 1.059787777e+01
1.764000000e+01 1.063211760e+01
1.772410000e+01 1.066633487e+01
1.780840000e+01 1.070052950e+01
1.789290000e+01 1.073470141e+01
1.797760000e+01 1.076885052e+01
1.806250000e+01 1.080297677e+01
1.814760000e+01 1.083708009e+01
1.823290000e+01 1.087116040e+01
1.831840000e+01 1.090521763e+01
1.840410000e+01 1.093925172e+01
1.849000000e+01 1.097326261e+01
1.857610000e+01 1.100725022e+01
1.866240000e+01 1.104121450e+01
1.874890000e+01 1.107515538e+01
1.883560000e+01 1.110907281e+01
1.892250000e+01 1.114296673e+01
1.900960000e+01 1.117683708e+01
1.909690000e+01 1.121068382e+01
1.918440000e+01 1.124450688e+01
1.927210000e+01 1.127830622e+01
1.936000000e+01 1.131208179e+01
1.944810000e+01 1.134583354e+01
1.953640000e+01 1.137956144e+01
1.962490000e+01 1.141326543e+01
1.971360000e+01 1.144694548e+01
1.980250000e+01 1.148060155e+01
1.989160000e+01 1.151423361e+01
1.998090000e+01 1.154784162e+01
2.007040000e+01 1.158142556e+01
2.016010000e+01 1.161498538e+01
2.025000000e+01 1.164852108e+01
2.034010000e+01 1.168203261e+01
2.043040000e+01 1.171551997e+01
2.052090000e+01 1.174898313e+01
2.061160000e+01 1.178242207e+01
2.070250000e+01 1.181583678e+01
2.079360000e+01 1.184922725e+01
2.088490000e+01 1.188259347e+01
2.097640000e+01 1.191593543e+01
2.106810000e+01 1.194925312e+01
2.116000000e+01 1.198254655e+01
2.125210000e+01 1.201581570e+01
2.134440000e+01 1.204906059e+01
2.143690000e+01 1.208228121e+01
2.152960000e+01 1.211547758e+01
2.162250000e+01 1.214864969e+01
2.171560000e+01 1.218179757e+01
2.180890000e+01 1.221492122e+01
2.190240000e+01 1.224802065e+01
2.199610000e+01 1.228109589e+01
2.209000000e+01 1.231414695e+01
2.218410000e+01 1.234717385e+01
2.227840000e+01 1.238017660e+01
2.237290000e+01 1.241315525e+01
2.246760000e+01 1.244610980e+01
2.256250000e+01 1.247904029e+01
2.265760000e+01 1.251194675e+01
2.275290000e+01 1.254482920e+01
2.284840000e+01 1.257768768e+01
2.294410000e+01 1.261052221e+01
2.304000000e+01 1.264333283e+01
2.313610000e+01 1.267611958e+01
2.323240000e+01 1.270888249e+01
2.332890000e+01 1.274162160e+01
2.342560000e+01 1.277433695e+01
2.352250000e+01 1.280702858e+01
2.361960000e+01 1.283969652e+01
2.371690000e+01 1.287234082e+01
2.381440000e+01 1.290496152e+01
2.391210000e+01 1.293755866e+01
2.401000000e+01 1.297013229e+01
2.410810000e+01 1.300268245e+01
2.420640000e+01 1.303520919e+01
2.430490000e+01 1.306771255e+01
2.440360000e+01 1.310019258e+01
2.450250000e+01 1.313264933e+01
2.460160000e+01 1.316508284e+01
2.470090000e+01 1.319749318e+01
2.480040000e+01 1.322988037e+01
2.490010000e+01 1.326224449e+01
2.500000000e+01 1.329458557e+01
2.510010000e+01 1.332690367e+01
2.520040000e+01 1.335919884e+01
2.530090000e+01 1.339147115e+01
2.540160000e+01 1.342372063e+01
2.550250000e+01 1.345594736e+01
2.560360000e+01 1.348815138e+01
2.570490000e+01 1.352033275e+01
2.580640000e+01 1.355249154e+01
2.590810000e+01 1.358462780e+01
2.601000000e+01 1.361674159e+01
2.611210000e+01 1.364883297e+01
2.621440000e+01 1.368090201e+01
2.631690000e+01 1.371294878e+01
2.641960000e+01 1.374497333e+01
2.652250000e+01 1.377697573e+01
2.662560000e+01 1.380895606e+01
2.672890000e+01 1.384091438e+01
2.683240000e+01 1.387285076e+01
2.693610000e+01 1.390476527e+01
2.704000000e+01 1.393665799e+01
2.714410000e+01 1.396852899e+01
2.724840000e+01 1.400037834e+01
2.735290000e+01 1.403220613e+01
2.745760000e+01 1.406401242e+01
2.756250000e+01 1.409579731e+01
2.766760000e+01 1.412756086e+01
2.777290000e+01 1.415930317e+01
2.787840000e+01 1.419102431e+01
2.798410000e+01 1.422272437e+01
2.809000000e+01 1.425440344e+01
2.819610000e+01 1.428606159e+01
2.830240000e+01 1.431769892e+01
2.840890000e+01 1.434931551e+01
2.851560000e+01 1.438091145e+01
2.862250000e+01 1.441248683e+01
2.872960000e+01 1.444404173e+01
2.883690000e+01 1.447557626e+01
2.894440000e+01 1.450709049e+01
2.905210000e+01 1.453858452e+01
2.916000000e+01 1.457005844e+01
2.926810000e+01 1.460151233e+01
2.937640000e+01 1.463294628e+01
2.948490000e+01 1.466436039e+01
2.959360000e+01 1.469575474e+01
2.970250000e+01 1.472712942e+01
2.981160000e+01 1.475848451e+01
2.992090000e+01 1.478982010e+01
3.003040000e+01 1.482113628e+01
3.014010000e+01 1.485243311e+01
3.025000000e+01 1.488371070e+01
3.036010000e+01 1.491496911e+01
3.047040000e+01 1.494620841e+01
3.058090000e+01 1.497742869e+01
3.069160000e+01 1.500863002e+01
3.080250000e+01 1.503981246e+01
3.091360000e+01 1.507097609e+01
3.102490000e+01 1.510212096e+01
3.113640000e+01 1.513324714e+01
3.124810000e+01 1.516435468e+01
3.136000000e+01 1.519544365e+01
3.147210000e+01 1.522651408e+01
3.158440000e+01 1.525756604e+01
3.169690000e+01 1.528859955e+01
3.180960000e+01 1.531961467e+01
3.192250000e+01 1.535061143e+01
3.203560000e+01 1.538158986e+01
3.214890000e+01 1.541254998e+01
3.226240000e+01 1.544349184e+01
3.237610000e+01 1.547441544e+01
3.249000000e+01 1.550532080e+01
3.260410000e+01 1.553620793e+01
3.271840000e+01 1.556707684e+01
3.283290000e+01 1.559792755e+01
3.294760000e+01 1.562876004e+01
3.306250000e+01 1.565957431e+01
3.317760000e+01 1.569037035e+01
3.329290000e+01 1.572114816e+01
3.340840000e+01 1.575190770e+01
3.352410000e+01 1.578264898e+01
3.364000000e+01 1.581337195e+01
3.375610000e+01 1.584407659e+01
3.387240000e+01 1.587476288e+01
3.398890000e+01 1.590543077e+01
3.410560000e+01 1.593608023e+01
3.422250000e+01 1.596671122e+01
3.433960000e+01 1.599732370e+01
3.445690000e+01 1.602791761e+01
3.457440000e+01 1.605849290e+01
3.469210000e+01 1.608904954e+01
3.481000000e+01 1.611958745e+01
3.492810000e+01 1.615010659e+01
3.504640000e+01 1.618060689e+01
3.516490000e+01 1.621108829e+01
3.528360000e+01 1.624155074e+01
3.540250000e+01 1.627199417e+01
3.552160000e+01 1.630241851e+01
3.564090000e+01 1.633282369e+01
3.576040000e+01 1.636320967e+01
3.588010000e+01 1.639357635e+01
3.600000000e+01 1.642392368e+01
3.612010000e+01 1.645425159e+01
3.624040000e+01 1.648456001e+01
3.636090000e+01 1.651484887e+01
3.648160000e+01 1.654511811e+01
3.660250000e+01 1.657536765e+01
3.672360000e+01 1.660559744e+01
3.684490000e+01 1.663580740e+01
3.696640000e+01 1.666599748e+01
3.708810000e+01 1.669616760e+01
3.721000000e+01 1.672631770e+01
3.733210000e+01 1.675644772e+01
3.745440000e+01 1.678655761e+01
3.757690000e+01 1.681664729e+01
3.769960000e+01 1.684671673e+01
3.782250000e+01 1.687676585e+01
3.794560000e+01 1.690679461e+01
3.806890000e+01 1.693680295e+01
3.819240000e+01 1.696679082e+01
3.831610000e+01 1.699675818e+01
3.844000000e+01 1.702670498e+01
3.856410000e+01 1.705663116e+01
3.868840000e+01 1.708653670e+01
3.881290000e+01 1.711642154e+01
3.893760000e+01 1.714628565e+01
3.906250000e+01 1.717612899e+01
3.918760000e+01 1.720595152e+01
3.931290000e+01 1.723575320e+01
3.943840000e+01 1.726553402e+01
3.956410000e+01 1.729529392e+01
3.969000000e+01 1.732503289e+01
3.981610000e+01 1.735475090e+01
3.994240000e+01 1.738444790e+01
4.006890000e+01 1.741412389e+01
4.019560000e+01 1.744377884e+01
4.032250000e+01 1.747341272e+01
4.044960000e+01 1.750302550e+01
4.057690000e+01 1.753261717e+01
4.070440000e+01 1.756218771e+01
4.083210000e+01 1.759173708e+01
4.096000000e+01 1.762126528e+01
4.108810000e+01 1.765077229e+01
4.121640000e+01 1.768025807e+01
4.134490000e+01 1.770972262e+01
4.147360000e+01 1.773916592e+01
4.160250000e+01 1.776858794e+01
4.173160000e+01 1.779798867e+01
4.186090000e+01 1.782736809e+01
4.199040000e+01 1.785672617e+01
4.212010000e+01 1.788606291e+01
4.225000000e+01 1.791537827e+01
4.238010000e+01 1.794467224e+01
4.251040000e+01 1.797394480e+01
4.264090000e+01 1.800319593e+01
4.277160000e+01 1.803242560e+01
4.290250000e+01 1.806163380e+01
4.303360000e+01 1.809082050e+01
4.316490000e+01 1.811998569e+01
4.329640000e+01 1.814912932e+01
4.342810000e+01 1.817825141e+01
4.356000000e+01 1.820735188e+01
4.369210000e+01 1.823643074e+01
4.382440000e+01 1.826548797e+01
4.395690000e+01 1.829452353e+01
4.408960000e+01 1.832353740e+01
4.422250000e+01 1.835252956e+01
4.435560000e+01 1.838149998e+01
4.448890000e+01 1.841044863e+01
4.462240000e+01 1.843937548e+01
4.475610000e+01 1.846828053e+01
4.489000000e+01 1.849716374e+01
4.502410000e+01 1.852602506e+01
4.515840000e+01 1.855486450e+01
4.529290000e+01 1.858368203e+01
4.542760000e+01 1.861247762e+01
4.556250000e+01 1.864125126e+01
4.569760000e+01 1.867000291e+01
4.583290000e+01 1.869873256e+01
4.596840000e+01 1.872744020e+01
4.610410000e+01 1.875612579e+01
4.624000000e+01 1.878478934e+01
4.637610000e+01 1.881343082e+01
4.651240000e+01 1.884205022e+01
4.664890000e+01 1.887064752e+01
4.678560000e+01 1.889922273e+01
4.692250000e+01 1.892777583e+01
4.705960000e+01 1.895630683e+01
4.719690000e+01 1.898481570e+01
4.733440000e+01 1.901330247e+01
4.747210000e+01 1.904176712e+01
4.761000000e+01 1.907020967e+01
4.774810000e+01 1.909863012e+01
4.788640000e+01 1.912702848e+01
4.802490000e+01 1.915540477e+01
4.816360000e+01 1.918375900e+01
4.830250000e+01 1.921209119e+01
4.844160000e+01 1.924040136e+01
4.858090000e+01 1.926868955e+01
4.872040000e+01 1.929695577e+01
4.886010000e+01 1.932520006e+01
4.900000000e+01 1.935342245e+01
4.914010000e+01 1.938162298e+01
4.928040000e+01 1.940980170e+01
4.942090000e+01 1.943795864e+01
4.956160000e+01 1.946609386e+01
4.970250000e+01 1.949420740e+01
4.984360000e+01 1.952229931e+01
4.998490000e+01 1.955036965e+01
5.012640000e+01 1.957841849e+01
5.026810000e+01 1.960644588e+01
5.041000000e+01 1.963445188e+01
5.055210000e+01 1.966243657e+01
5.069440000e+01 1.969040001e+01
5.083690000e+01 1.971834228e+01
5.097960000e+01 1.974626344e+01
5.112250000e+01 1.977416358e+01
5.126560000e+01 1.980204277e+01
5.140890000e+01 1.982990110e+01
5.155240000e+01 1.985773864e+01
5.169610000e+01 1.988555548e+01
5.184000000e+01 1.991335171e+01
5.198410000e+01 1.994112741e+01
5.212840000e+01 1.996888266e+01
5.227290000e+01 1.999661756e+01
5.241760000e+01 2.002433220e+01
5.256250000e+01 2.005202666e+01
5.270760000e+01 2.007970104e+01
5.285290000e+01 2.010735542e+01
5.299840000e+01 2.013498990e+01
5.314410000e+01 2.016260457e+01
5.329000000e+01 2.019019951e+01
5.343610000e+01 2.021777482e+01
5.358240000e+01 2.024533058e+01
5.372890000e+01 2.027286687e+01
5.387560000e+01 2.030038383e+01
5.402250000e+01 2.032788148e+01
5.416960000e+01 2.035535993e+01
5.431690000e+01 2.038281927e+01
5.446440000e+01 2.041025957e+01
5.461210000e+01 2.043768091e+01
5.476000000e+01 2.046508337e+01
5.490810000e+01 2.049246703e+01
5.505640000e+01 2.051983196e+01
5.520490000e+01 2.054717822e+01
5.535360000e+01 2.057450590e+01
5.550250000e+01 2.060181504e+01
5.565160000e+01 2.062910571e+01
5.580090000e+01 2.065637799e+01
5.595040000e+01 2.068363190e+01
5.610010000e+01 2.071086753e+01
5.625000000e+01 2.073808482e+01
5.640010000e+01 2.076528408e+01
5.655040000e+01 2.079246510e+01
5.670090000e+01 2.081962800e+01
5.685160000e+01 2.084677283e+01
5.700250000e+01 2.087389961e+01
5.715360000e+01 2.090100837e+01
5.730490000e+01 2.092809915e+01
5.745640000e+01 2.095517196e+01
5.760810000e+01 2.098222683e+01
5.776000000e+01 2.100926377e+01
5.791210000e+01 2.103628281e+01
5.806440000e+01 2.106328393e+01
5.821690000e+01 2.109026716e+01
5.836960000e+01 2.111723250e+01
5.852250000e+01 2.114417996e+01
5.867560000e+01 2.117110934e+01
5.882890000e+01 2.119802118e+01
5.898240000e+01 2.122491494e+01
5.913610000e+01 2.125179079e+01
5.929000000e+01 2.127864872e+01
5.944410000e+01 2.130548870e+01
5.959840000e+01 2.133231074e+01
5.975290000e+01 2.135911480e+01
5.990760000e+01 2.138590086e+01
6.006250000e+01 2.141266891e+01
6.021760000e+01 2.143941893e+01
6.037290000e+01 2.146615088e+01
6.052840000e+01 2.149286474e+01
6.068410000e+01 2.151956049e+01
6.084000000e+01 2.154623810e+01
6.099610000e+01 2.157289754e+01
6.115240000e+01 2.159953879e+01
6.130890000e+01 2.162616181e+01
6.146560000e+01 2.165276659e+01
6.162250000e+01 2.167935308e+01
6.177960000e+01 2.170592128e+01
6.193690000e+01 2.173247115e+01
6.209440000e+01 2.175900266e+01
6.225210000e+01 2.178551580e+01
6.241000000e+01 2.181201054e+01
6.256810000e+01 2.183848687e+01
6.272640000e+01 2.186494477e+01
6.288490000e+01 2.189138421e+01
6.304360000e+01 2.191780520e+01
6.320250000e+01 2.194420744e+01
6.336160000e+01 2.197059174e+01
6.352090000e+01 2.199695729e+01
6.368040000e+01 2.202330434e+01
6.384010000e+01 2.204963292e+01
6.400000000e+01 2.207594301e+01
6.416010000e+01 2.210223462e+01
6.432040000e+01 2.212850778e+01
6.448090000e+01 2.215476249e+01
6.464160000e+01 2.218099877e+01
6.480250000e+01 2.220721664e+01
6.496360000e+01 2.223341615e+01
6.512490000e+01 2.225959730e+01
6.528640000e+01 2.228576016e+01
6.544810000e+01 2.231190474e+01
6.561000000e+01 2.233803110e+01
6.577210000e+01 2.236413928e+01
6.593440000e+01 2.239022934e+01
6.609690000e+01 2.241630134e+01
6.625960000e+01 2.244235534e+01
6.642250000e+01 2.246839140e+01
6.658560000e+01 2.249440960e+01
6.674890000e+01 2.252041001e+01
6.691240000e+01 2.254639270e+01
6.707610000e+01 2.257235776e+01
6.724000000e+01 2.259830529e+01
6.740410000e+01 2.262423537e+01
6.756840000e+01 2.265014809e+01
6.773290000e+01 2.267604355e+01
6.789760000e+01 2.270192187e+01
6.806250000e+01 2.272778313e+01
6.822760000e+01 2.275362746e+01
6.839290000e+01 2.277945496e+01
6.855840000e+01 2.280526575e+01
6.872410000e+01 2.283105995e+01
6.889000000e+01 2.285683768e+01
6.905610000e+01 2.288259906e+01
6.922240000e+01 2.290834421e+01
6.938890000e+01 2.293407328e+01
6.955560000e+01 2.295978638e+01
6.972250000e+01 2.298548364e+01
6.988960000e+01 2.301116522e+01
7.005690000e+01 2.303683122e+01
7.022440000e+01 2.306248180e+01
7.039210000e+01 2.308811709e+01
7.056000000e+01 2.311373723e+01
7.072810000e+01 2.313934235e+01
7.089640000e+01 2.316493260e+01
7.106490000e+01 2.319050812e+01
7.123360000e+01 2.321606904e+01
7.140250000e+01 2.324161551e+01
7.157160000e+01 2.326714767e+01
7.174090000e+01 2.329266565e+01
7.191040000e+01 2.331816959e+01
7.208010000e+01 2.334365963e+01
7.225000000e+01 2.336913592e+01
7.242010000e+01 2.339459859e+01
7.259040000e+01 2.342004776e+01
7.276090000e+01 2.344548359e+01
7.293160000e+01 2.347090619e+01
7.310250000e+01 2.349631572e+01
7.327360000e+01 2.352171230e+01
7.344490000e+01 2.354709604e+01
7.361640000e+01 2.357246709e+01
7.378810000e+01 2.359782558e+01
7.396000000e+01 2.362317163e+01
7.413210000e+01 2.364850537e+01
7.430440000e+01 2.367382691e+01
7.447690000e+01 2.369913639e+01
7.464960000e+01 2.372443391e+01
7.482250000e+01 2.374971961e+01
7.499560000e+01 2.377499360e+01
7.516890000e+01 2.380025599e+01
7.534240000e+01 2.382550690e+01
7.551610000e+01 2.385074644e+01
7.569000000e+01 2.387597475e+01
7.586410000e+01 2.390119190e+01
7.603840000e+01 2.392639803e+01
7.621290000e+01 2.395159323e+01
7.638760000e+01 2.397677762e+01
7.656250000e+01 2.400195131e+01
7.673760000e+01 2.402711441e+01
7.691290000e+01 2.405226702e+01
7.708840000e+01 2.407740924e+01
7.726410000e+01 2.410254119e+01
7.744000000e+01 2.412766298e+01
7.761610000e+01 2.415277468e+01
7.779240000e+01 2.417787640e+01
7.796890000e+01 2.420296831e+01
7.814560000e+01 2.422805044e+01
7.832250000e+01 2.425312293e+01
7.849960000e+01 2.427818586e+01
7.867690000e+01 2.430323935e+01
7.885440000e+01 2.432828351e+01
7.903210000e+01 2.435331843e+01
7.921000000e+01 2.437834421e+01
7.938810000e+01 2.440336096e+01
7.956640000e+01 2.442836878e+01
7.974490000e+01 2.445336779e+01
7.992360000e+01 2.447835807e+01
8.010250000e+01 2.450333974e+01
8.028160000e+01 2.452831289e+01
8.046090000e+01 2.455327763e+01
8.064040000e+01 2.457823409e+01
8.082010000e+01 2.460318228e+01
8.100000000e+01 2.462812240e+01
8.118010000e+01 2.465305450e+01
8.136040000e+01 2.467797870e+01
8.154090000e+01 2.470289508e+01
8.172160000e+01 2.472780375e+01
8.190250000e+01 2.475270482e+01
8.208360000e+01 2.477759837e+01
8.226490000e+01 2.480248443e+01
8.244640000e+01 2.482736318e+01
8.262810000e+01 2.485223468e+01
8.281000000e+01 2.487709900e+01
8.299210000e+01 2.490195624e+01
8.317440000e+01 2.492680647e+01
8.335690000e+01 2.495164977e+01
8.353960000e+01 2.497648620e+01
8.372250000e+01 2.500131589e+01
8.390560000e+01 2.502613878e+01
8.408890000e+01 2.505095504e+01
8.427240000e+01 2.507576469e+01
8.445610000e+01 2.510056778e+01
8.464000000e+01 2.512536437e+01
8.482410000e+01 2.515015449e+01
8.500840000e+01 2.517493817e+01
8.519290000e+01 2.519971544e+01
8.537760000e+01 2.522448634e+01
8.556250000e+01 2.524925087e+01
8.574760000e+01 2.527400905e+01
8.593290000e+01 2.529876087e+01
8.611840000e+01 2.532350634e+01
8.630410000e+01 2.534824543e+01
8.649000000e+01 2.537297815e+01
8.667610000e+01 2.539770443e+01
8.686240000e+01 2.542242427e+01
8.704890000e+01 2.544713762e+01
8.723560000e+01 2.547184442e+01
8.742250000e+01 2.549654462e+01
8.760960000e+01 2.552123817e+01
8.779690000e+01 2.554592489e+01
8.798440000e+01 2.557060481e+01
8.817210000e+01 2.559527777e+01
8.836000000e+01 2.561994372e+01
8.854810000e+01 2.564460249e+01
8.873640000e+01 2.566925399e+01
8.892490000e+01 2.569389807e+01
8.911360000e+01 2.571853459e+01
8.930250000e+01 2.574316341e+01
8.949160000e+01 2.576778435e+01
8.968090000e+01 2.579239726e+01
8.987040000e+01 2.581700198e+01
9.006010000e+01 2.584159826e+01
9.025000000e+01 2.586618596e+01
9.044010000e+01 2.589076486e+01
9.063040000e+01 2.591533474e+01
9.082090000e+01 2.593989539e+01
9.101160000e+01 2.596444659e+01
9.120250000e+01 2.598898809e+01
9.139360000e+01 2.601351963e+01
9.158490000e+01 2.603804099e+01
9.177640000e+01 2.606255190e+01
9.196810000e+01 2.608705210e+01
9.216000000e+01 2.611154132e+01
9.235210000e+01 2.613601927e+01
9.254440000e+01 2.616048571e+01
9.273690000e+01 2.618494026e+01
9.292960000e+01 2.620938271e+01
9.312250000e+01 2.623381274e+01
9.331560000e+01 2.625823005e+01
9.350890000e+01 2.628263433e+01
9.370240000e+01 2.630702528e+01
9.389610000e+01 2.633140258e+01
9.409000000e+01 2.635576592e+01
9.428410000e+01 2.638011497e+01
9.447840000e+01 2.640444942e+01
9.467290000e+01 2.642876895e+01
9.486760000e+01 2.645307342e+01
9.506250000e+01 2.647736198e+01
9.525760000e+01 2.650163483e+01
9.545290000e+01 2.652589147e+01
9.564840000e+01 2.655013158e+01
9.584410000e+01 2.657435484e+01
9.604000000e+01 2.659856095e+01
9.623610000e+01 2.662274955e+01
9.643240000e+01 2.664692035e+01
9.662890000e+01 2.667107305e+01
9.682560000e+01 2.669520732e+01
9.702250000e+01 2.671932287e+01
9.721960000e+01 2.674341937e+01
9.741690000e+01 2.676749655e+01
9.761440000e+01 2.679155410e+01
9.781210000e+01 2.681559174e+01
9.801000000e+01 2.683960915e+01
9.820810000e+01 2.686360610e+01
9.840640000e+01 2.688758227e+01
9.860490000e+01 2.691153748e+01
9.880360000e+01 2.693547127e+01
9.900250000e+01 2.695938358e+01
9.920160000e+01 2.698327408e+01
9.940090000e+01 2.700714253e+01
9.960040000e+01 2.703098869e+01
9.980010000e+01 2.705481234e+01
1.000000000e+02 2.707861324e+01
