0.000000000e+00 -5.218601660e-32
2.500000000e-01 1.883294747e-02
1.000000000e+00 2.029419178e+00
2.250000000e+00 1.026829224e+01
4.000000000e+00 2.072635505e+01
6.250000000e+00 3.082175281e+01
9.000000000e+00 4.012044201e+01
1.225000000e+01 4.874093028e+01
1.600000000e+01 5.690967256e+01
2.025000000e+01 6.408095638e+01
2.500000000e+01 7.146965190e+01
3.025000000e+01 7.727004550e+01
3.600000000e+01 8.350806101e+01
4.225000000e+01 8.961496375e+01
4.900000000e+01 9.541836974e+01
5.625000000e+01 1.007775779e+02
6.400000000e+01 1.059477705e+02
7.225000000e+01 1.107660182e+02
8.100000000e+01 1.155902039e+02
9.025000000e+01 1.198777060e+02
1.000000000e+02 1.243921128e+02
1.102500000e+02 1.286300698e+02
1.210000000e+02 1.328477203e+02
1.322500000e+02 1.368359766e+02
1.440000000e+02 1.405763565e+02
1.562500000e+02 1.442895063e+02
1.690000000e+02 1.481170583e+02
1.822500000e+02 1.512412209e+02
1.960000000e+02 1.554729221e+02
2.102500000e+02 1.576652364e+02
2.250000000e+02 1.617801634e+02
2.402500000e+02 1.644145225e+02
2.560000000e+02 1.678749457e+02
2.722500000e+02 1.711559583e+02
2.890000000e+02 1.730194621e+02
3.062500000e+02 1.771707749e+02
3.240000000e+02 1.793453630e+02
3.422500000e+02 1.820783423e+02
3.610000000e+02 1.850805218e+02
3.802500000e+02 1.902483152e+02
4.000000000e+02 1.905999315e+02
