0.000000000e+00 inf
2.500000000e-01 2.853638137e-04
1.000000000e+00 4.311998362e-01
2.250000000e+00 4.023061450e+00
4.000000000e+00 1.061175944e+01
6.250000000e+00 1.824580341e+01
9.000000000e+00 2.608432332e+01
1.225000000e+01 3.386733358e+01
1.600000000e+01 4.153684327e+01
2.025000000e+01 4.880075877e+01
2.500000000e+01 5.609193114e+01
3.025000000e+01 6.270693476e+01
3.600000000e+01 6.941943530e+01
4.225000000e+01 7.590462442e+01
4.900000000e+01 8.227632176e+01
5.625000000e+01 8.834459464e+01
6.400000000e+01 9.416425475e+01
7.225000000e+01 9.978347072e+01
8.100000000e+01 1.054387526e+02
9.025000000e+01 1.106336091e+02
1.000000000e+02 1.159232427e+02
1.102500000e+02 1.209588585e+02
1.210000000e+02 1.260284022e+02
1.322500000e+02 1.310332970e+02
1.440000000e+02 1.357803757e+02
1.562500000e+02 1.401933000e+02
1.690000000e+02 1.449210001e+02
1.822500000e+02 1.490163335e+02
1.960000000e+02 1.542055539e+02
2.102500000e+02 1.570677546e+02
2.250000000e+02 1.619957621e+02
2.402500000e+02 1.660599785e+02
2.560000000e+02 1.695975470e+02
2.722500000e+02 1.741680352e+02
2.890000000e+02 1.774048791e+02
3.062500000e+02 1.817271890e+02
3.240000000e+02 1.847428319e+02
3.422500000e+02 1.884569643e+02
3.610000000e+02 1.924386493e+02
3.802500000e+02 1.959126283e+02
4.000000000e+02 1.988686360e+02
