0.000000000e+00 -5.483967519e-32
2.500000000e-01 1.979885823e-02
1.000000000e+00 2.044919034e+00
2.250000000e+00 8.623957519e+00
4.000000000e+00 1.473516125e+01
6.250000000e+00 1.955964439e+01
9.000000000e+00 2.348045743e+01
1.225000000e+01 2.677145496e+01
1.600000000e+01 2.960921547e+01
2.025000000e+01 3.208657074e+01
2.500000000e+01 3.429533645e+01
3.025000000e+01 3.625344166e+01
3.600000000e+01 3.810053835e+01
4.225000000e+01 3.970756959e+01
4.900000000e+01 4.125388448e+01
5.625000000e+01 4.265298064e+01
6.400000000e+01 4.391698603e+01
7.225000000e+01 4.508000159e+01
8.100000000e+01 4.626920542e+01
9.025000000e+01 4.723720473e+01
1.000000000e+02 4.826242139e+01
1.102500000e+02 4.919518985e+01
1.210000000e+02 5.013175431e+01
1.322500000e+02 5.113457140e+01
1.440000000e+02 5.188811578e+01
1.562500000e+02 5.265891224e+01
1.690000000e+02 5.341720274e+01
1.822500000e+02 5.408216448e+01
1.960000000e+02 5.505412251e+01
2.102500000e+02 5.517783180e+01
2.250000000e+02 5.618017941e+01
2.402500000e+02 5.668644025e+01
2.560000000e+02 5.717952004e+01
2.722500000e+02 5.800831065e+01
2.890000000e+02 5.829304020e+01
3.062500000e+02 5.905145930e+01
3.240000000e+02 5.935776749e+01
3.422500000e+02 5.986420352e+01
3.610000000e+02 6.050260706e+01
3.802500000e+02 6.093881499e+01
4.000000000e+02 6.124267056e+01
