1.000000000e+00 6.713239175e-01
1.020100000e+00 6.874927730e-01
1.040400000e+00 7.036089142e-01
1.060900000e+00 7.196611054e-01
1.081600000e+00 7.356384420e-01
1.102500000e+00 7.515303692e-01
1.123600000e+00 7.673266983e-01
1.144900000e+00 7.830176219e-01
1.166400000e+00 7.985937276e-01
1.188100000e+00 8.140460101e-01
1.210000000e+00 8.293658818e-01
1.232100000e+00 8.445451818e-01
1.254400000e+00 8.595761833e-01
1.276900000e+00 8.744516002e-01
1.299600000e+00 8.891645913e-01
1.322500000e+00 9.037087631e-01
1.345600000e+00 9.180781731e-01
1.368900000e+00 9.322673286e-01
1.392400000e+00 9.462711869e-01
1.416100000e+00 9.600851525e-01
1.440000000e+00 9.737050746e-01
1.464100000e+00 9.871272417e-01
1.488400000e+00 1.000348377e+00
1.512900000e+00 1.013365630e+00
1.537600000e+00 1.026176573e+00
1.562500000e+00 1.038779185e+00
1.587600000e+00 1.051171852e+00
1.612900000e+00 1.063353348e+00
1.638400000e+00 1.075322830e+00
1.664100000e+00 1.087079822e+00
1.690000000e+00 1.098624206e+00
1.716100000e+00 1.109956209e+00
1.742400000e+00 1.121076387e+00
1.768900000e+00 1.131985614e+00
1.795600000e+00 1.142685065e+00
1.822500000e+00 1.153176209e+00
1.849600000e+00 1.163460783e+00
1.876900000e+00 1.173540785e+00
1.904400000e+00 1.183418459e+00
1.932100000e+00 1.193096276e+00
1.960000000e+00 1.202576924e+00
1.988100000e+00 1.211863287e+00
2.016400000e+00 1.220958437e+00
2.044900000e+00 1.229865612e+00
2.073600000e+00 1.238588209e+00
2.102500000e+00 1.247129763e+00
2.131600000e+00 1.255493937e+00
2.160900000e+00 1.263684505e+00
2.190400000e+00 1.271705343e+00
2.220100000e+00 1.279560409e+00
2.250000000e+00 1.287253739e+00
2.280100000e+00 1.294789426e+00
2.310400000e+00 1.302171613e+00
2.340900000e+00 1.309404481e+00
2.371600000e+00 1.316492235e+00
2.402500000e+00 1.323439098e+00
2.433600000e+00 1.330249296e+00
2.464900000e+00 1.336927050e+00
2.496400000e+00 1.343476572e+00
2.528100000e+00 1.349902046e+00
2.560000000e+00 1.356207627e+00
2.592100000e+00 1.362397434e+00
2.624400000e+00 1.368475539e+00
2.656900000e+00 1.374445961e+00
2.689600000e+00 1.380312662e+00
2.722500000e+00 1.386079540e+00
2.755600000e+00 1.391750424e+00
2.788900000e+00 1.397329068e+00
2.822400000e+00 1.402819148e+00
2.856100000e+00 1.408224259e+00
2.890000000e+00 1.413547910e+00
2.924100000e+00 1.418793522e+00
2.958400000e+00 1.423964424e+00
2.992900000e+00 1.429063853e+00
3.027600000e+00 1.434094951e+00
3.062500000e+00 1.439060764e+00
3.097600000e+00 1.443964239e+00
3.132900000e+00 1.448808228e+00
3.168400000e+00 1.453595483e+00
3.204100000e+00 1.458328656e+00
3.240000000e+00 1.463010302e+00
3.276100000e+00 1.467642879e+00
3.312400000e+00 1.472228747e+00
3.348900000e+00 1.476770168e+00
3.385600000e+00 1.481269312e+00
3.422500000e+00 1.485728252e+00
3.459600000e+00 1.490148970e+00
3.496900000e+00 1.494533356e+00
3.534400000e+00 1.498883213e+00
3.572100000e+00 1.503200256e+00
3.610000000e+00 1.507486114e+00
3.648100000e+00 1.511742328e+00
3.686400000e+00 1.515970381e+00
3.724900000e+00 1.520171645e+00
3.763600000e+00 1.524347436e+00
3.802500000e+00 1.528498993e+00
3.841600000e+00 1.532627482e+00
3.880900000e+00 1.536734002e+00
3.920400000e+00 1.540819586e+00
3.960100000e+00 1.544885202e+00
4.000000000e+00 1.548931758e+00
4.040100000e+00 1.552960103e+00
4.080400000e+00 1.556971029e+00
4.120900000e+00 1.560965278e+00
4.161600000e+00 1.564943536e+00
4.202500000e+00 1.568906445e+00
4.243600000e+00 1.572854596e+00
4.284900000e+00 1.576788541e+00
4.326400000e+00 1.580708785e+00
4.368100000e+00 1.584615799e+00
4.410000000e+00 1.588510012e+00
4.452100000e+00 1.592391821e+00
4.494400000e+00 1.596261587e+00
4.536900000e+00 1.600119644e+00
4.579600000e+00 1.603966292e+00
4.622500000e+00 1.607801807e+00
4.665600000e+00 1.611626438e+00
4.708900000e+00 1.615440410e+00
4.752400000e+00 1.619243926e+00
4.796100000e+00 1.623037169e+00
4.840000000e+00 1.626820302e+00
4.884100000e+00 1.630593471e+00
4.928400000e+00 1.634356804e+00
4.972900000e+00 1.638110416e+00
5.017600000e+00 1.641854407e+00
5.062500000e+00 1.645588864e+00
5.107600000e+00 1.649313865e+00
5.152900000e+00 1.653029473e+00
5.198400000e+00 1.656735746e+00
5.244100000e+00 1.660432731e+00
5.290000000e+00 1.664120467e+00
5.336100000e+00 1.667798988e+00
5.382400000e+00 1.671468319e+00
5.428900000e+00 1.675128483e+00
5.475600000e+00 1.678779495e+00
5.522500000e+00 1.682421368e+00
5.569600000e+00 1.686054110e+00
5.616900000e+00 1.689677728e+00
5.664400000e+00 1.693292224e+00
5.712100000e+00 1.696897598e+00
5.760000000e+00 1.700493851e+00
5.808100000e+00 1.704080980e+00
5.856400000e+00 1.707658981e+00
5.904900000e+00 1.711227851e+00
5.953600000e+00 1.714787584e+00
6.002500000e+00 1.718338177e+00
6.051600000e+00 1.721879625e+00
6.100900000e+00 1.725411923e+00
6.150400000e+00 1.728935068e+00
6.200100000e+00 1.732449053e+00
6.250000000e+00 1.735953883e+00
6.300100000e+00 1.739449549e+00
6.350400000e+00 1.742936051e+00
6.400900000e+00 1.746413391e+00
6.451600000e+00 1.749881569e+00
6.502500000e+00 1.753340588e+00
6.553600000e+00 1.756790449e+00
6.604900000e+00 1.760231159e+00
6.656400000e+00 1.763662723e+00
6.708100000e+00 1.767085148e+00
6.760000000e+00 1.770498441e+00
6.812100000e+00 1.773902613e+00
6.864400000e+00 1.777297675e+00
6.916900000e+00 1.780683637e+00
6.969600000e+00 1.784060514e+00
7.022500000e+00 1.787428320e+00
7.075600000e+00 1.790787069e+00
7.128900000e+00 1.794136780e+00
7.182400000e+00 1.797477469e+00
7.236100000e+00 1.800809155e+00
7.290000000e+00 1.804131859e+00
7.344100000e+00 1.807445601e+00
7.398400000e+00 1.810750402e+00
7.452900000e+00 1.814046286e+00
7.507600000e+00 1.817333276e+00
7.562500000e+00 1.820611396e+00
7.617600000e+00 1.823880672e+00
7.672900000e+00 1.827141130e+00
7.728400000e+00 1.830392796e+00
7.784100000e+00 1.833635698e+00
7.840000000e+00 1.836869863e+00
7.896100000e+00 1.840095321e+00
7.952400000e+00 1.843312100e+00
8.008900000e+00 1.846520229e+00
8.065600000e+00 1.849719740e+00
8.122500000e+00 1.852910662e+00
8.179600000e+00 1.856093027e+00
8.236900000e+00 1.859266866e+00
8.294400000e+00 1.862432232e+00
8.352100000e+00 1.865589093e+00
8.410000000e+00 1.868737545e+00
8.468100000e+00 1.871877599e+00
8.526400000e+00 1.875009289e+00
8.584900000e+00 1.878132648e+00
8.643600000e+00 1.881247708e+00
8.702500000e+00 1.884354504e+00
8.761600000e+00 1.887453068e+00
8.820900000e+00 1.890543434e+00
8.880400000e+00 1.893625636e+00
8.940100000e+00 1.896699708e+00
9.000000000e+00 1.899765684e+00
9.060100000e+00 1.902823598e+00
9.120400000e+00 1.905873480e+00
9.180900000e+00 1.908915374e+00
9.241600000e+00 1.911949305e+00
9.302500000e+00 1.914975311e+00
9.363600000e+00 1.917993423e+00
9.424900000e+00 1.921003677e+00
9.486400000e+00 1.924006106e+00
9.548100000e+00 1.927000746e+00
9.610000000e+00 1.929987628e+00
9.672100000e+00 1.932966788e+00
9.734400000e+00 1.935938258e+00
9.796900000e+00 1.938902073e+00
9.859600000e+00 1.941858265e+00
9.922500000e+00 1.944806869e+00
9.985600000e+00 1.947747915e+00
1.004890000e+01 1.950681440e+00
1.011240000e+01 1.953607476e+00
1.017610000e+01 1.956526055e+00
1.024000000e+01 1.959437210e+00
1.030410000e+01 1.962340974e+00
1.036840000e+01 1.965237379e+00
1.043290000e+01 1.968126459e+00
1.049760000e+01 1.971008244e+00
1.056250000e+01 1.973882767e+00
1.062760000e+01 1.976750061e+00
1.069290000e+01 1.979610156e+00
1.075840000e+01 1.982463085e+00
1.082410000e+01 1.985308879e+00
1.089000000e+01 1.988147569e+00
1.095610000e+01 1.990979190e+00
1.102240000e+01 1.993803765e+00
1.108890000e+01 1.996621330e+00
1.115560000e+01 1.999431917e+00
1.122250000e+01 2.002235551e+00
1.128960000e+01 2.005032273e+00
1.135690000e+01 2.007822104e+00
1.142440000e+01 2.010605076e+00
1.149210000e+01 2.013381220e+00
1.156000000e+01 2.016150565e+00
1.162810000e+01 2.018913141e+00
1.169640000e+01 2.021668977e+00
1.176490000e+01 2.024418103e+00
1.183360000e+01 2.027160548e+00
1.190250000e+01 2.029896341e+00
1.197160000e+01 2.032625511e+00
1.204090000e+01 2.035348086e+00
1.211040000e+01 2.038064094e+00
1.218010000e+01 2.040773565e+00
1.225000000e+01 2.043476526e+00
1.232010000e+01 2.046173005e+00
1.239040000e+01 2.048863030e+00
1.246090000e+01 2.051546629e+00
1.253160000e+01 2.054223830e+00
1.260250000e+01 2.056894659e+00
1.267360000e+01 2.059559145e+00
1.274490000e+01 2.062217313e+00
1.281640000e+01 2.064869191e+00
1.288810000e+01 2.067514806e+00
1.296000000e+01 2.070154184e+00
1.303210000e+01 2.072787352e+00
1.310440000e+01 2.075414336e+00
1.317690000e+01 2.078035162e+00
1.324960000e+01 2.080649856e+00
1.332250000e+01 2.083258444e+00
1.339560000e+01 2.085860953e+00
1.346890000e+01 2.088457406e+00
1.354240000e+01 2.091047829e+00
1.361610000e+01 2.093632249e+00
1.369000000e+01 2.096210689e+00
1.376410000e+01 2.098783176e+00
1.383840000e+01 2.101349734e+00
1.391290000e+01 2.103910386e+00
1.398760000e+01 2.106465159e+00
1.406250000e+01 2.109014076e+00
1.413760000e+01 2.111557162e+00
1.421290000e+01 2.114094441e+00
1.428840000e+01 2.116625935e+00
1.436410000e+01 2.119151671e+00
1.444000000e+01 2.121671670e+00
1.451610000e+01 2.124185957e+00
1.459240000e+01 2.126694555e+00
1.466890000e+01 2.129197488e+00
1.474560000e+01 2.131694778e+00
1.482250000e+01 2.134186449e+00
1.489960000e+01 2.136672523e+00
1.497690000e+01 2.139153023e+00
1.505440000e+01 2.141627972e+00
1.513210000e+01 2.144097392e+00
1.521000000e+01 2.146561305e+00
1.528810000e+01 2.149019734e+00
1.536640000e+01 2.151472702e+00
1.544490000e+01 2.153920228e+00
1.552360000e+01 2.156362337e+00
1.560250000e+01 2.158799049e+00
1.568160000e+01 2.161230386e+00
1.576090000e+01 2.163656368e+00
1.584040000e+01 2.166077021e+00
1.592010000e+01 2.168492360e+00
1.600000000e+01 2.170902411e+00
1.608010000e+01 2.173307192e+00
1.616040000e+01 2.175706725e+00
1.624090000e+01 2.178101031e+00
1.632160000e+01 2.180490130e+00
1.640250000e+01 2.182874043e+00
1.648360000e+01 2.185252790e+00
1.656490000e+01 2.187626391e+00
1.664640000e+01 2.189994867e+00
1.672810000e+01 2.192358238e+00
1.681000000e+01 2.194716523e+00
1.689210000e+01 2.197069739e+00
1.697440000e+01 2.199417916e+00
1.705690000e+01 2.201761064e+00
1.713960000e+01 2.204099204e+00
1.722250000e+01 2.206432357e+00
1.730560000e+01 2.208760542e+00
1.738890000e+01 2.211083777e+00
1.747240000e+01 2.213402083e+00
1.755610000e+01 2.215715478e+00
1.764000000e+01 2.218023981e+00
1.772410000e+01 2.220327610e+00
1.780840000e+01 2.222626384e+00
1.789290000e+01 2.224920321e+00
1.797760000e+01 2.227209441e+00
1.806250000e+01 2.229493761e+00
1.814760000e+01 2.231773300e+00
1.823290000e+01 2.234048076e+00
1.831840000e+01 2.236318106e+00
1.840410000e+01 2.238583409e+00
1.849000000e+01 2.240843996e+00
1.857610000e+01 2.243099905e+00
1.866240000e+01 2.245351131e+00
1.874890000e+01 2.247597702e+00
1.883560000e+01 2.249839635e+00
1.892250000e+01 2.252076944e+00
1.900960000e+01 2.254309648e+00
1.909690000e+01 2.256537767e+00
1.918440000e+01 2.258761293e+00
1.927210000e+01 2.260980307e+00
1.936000000e+01 2.263194765e+00
1.944810000e+01 2.265404701e+00
1.953640000e+01 2.267610137e+00
1.962490000e+01 2.269811084e+00
1.971360000e+01 2.272007561e+00
1.980250000e+01 2.274199585e+00
1.989160000e+01 2.276387169e+00
1.998090000e+01 2.278570337e+00
2.007040000e+01 2.280749098e+00
2.016010000e+01 2.282923469e+00
2.025000000e+01 2.285093468e+00
2.034010000e+01 2.287259111e+00
2.043040000e+01 2.289420411e+00
2.052090000e+01 2.291577387e+00
2.061160000e+01 2.293730053e+00
2.070250000e+01 2.295878428e+00
2.079360000e+01 2.298022517e+00
2.088490000e+01 2.300162346e+00
2.097640000e+01 2.302297927e+00
2.106810000e+01 2.304429279e+00
2.116000000e+01 2.306556407e+00
2.125210000e+01 2.308679336e+00
2.134440000e+01 2.310798082e+00
2.143690000e+01 2.312912636e+00
2.152960000e+01 2.315023056e+00
2.162250000e+01 2.317129323e+00
2.171560000e+01 2.319231462e+00
2.180890000e+01 2.321329487e+00
2.190240000e+01 2.323423413e+00
2.199610000e+01 2.325513255e+00
2.209000000e+01 2.327599025e+00
2.218410000e+01 2.329680740e+00
2.227840000e+01 2.331758414e+00
2.237290000e+01 2.333832060e+00
2.246760000e+01 2.335901692e+00
2.256250000e+01 2.337967325e+00
2.265760000e+01 2.340028970e+00
2.275290000e+01 2.342086645e+00
2.284840000e+01 2.344140362e+00
2.294410000e+01 2.346190133e+00
2.304000000e+01 2.348235977e+00
2.313610000e+01 2.350277903e+00
2.323240000e+01 2.352315925e+00
2.332890000e+01 2.354350058e+00
2.342560000e+01 2.356380272e+00
2.352250000e+01 2.358406705e+00
2.361960000e+01 2.360429246e+00
2.371690000e+01 2.362447952e+00
2.381440000e+01 2.364462833e+00
2.391210000e+01 2.366473904e+00
2.401000000e+01 2.368481177e+00
2.410810000e+01 2.370484666e+00
2.420640000e+01 2.372484381e+00
2.430490000e+01 2.374480339e+00
2.440360000e+01 2.376472550e+00
2.450250000e+01 2.378461027e+00
2.460160000e+01 2.380445784e+00
2.470090000e+01 2.382426832e+00
2.480040000e+01 2.384404182e+00
2.490010000e+01 2.386377850e+00
2.500000000e+01 2.388347846e+00
2.510010000e+01 2.390314184e+00
2.520040000e+01 2.392276877e+00
2.530090000e+01 2.394235930e+00
2.540160000e+01 2.396191363e+00
2.550250000e+01 2.398143183e+00
2.560360000e+01 2.400091412e+00
2.570490000e+01 2.402036048e+00
2.580640000e+01 2.403977114e+00
2.590810000e+01 2.405914612e+00
2.601000000e+01 2.407848562e+00
2.611210000e+01 2.409778973e+00
2.621440000e+01 2.411705855e+00
2.631690000e+01 2.413629220e+00
2.641960000e+01 2.415549081e+00
2.652250000e+01 2.417465448e+00
2.662560000e+01 2.419378336e+00
2.672890000e+01 2.421287751e+00
2.683240000e+01 2.423193709e+00
2.693610000e+01 2.425096218e+00
2.704000000e+01 2.426995291e+00
2.714410000e+01 2.428890938e+00
2.724840000e+01 2.430783172e+00
2.735290000e+01 2.432672002e+00
2.745760000e+01 2.434557439e+00
2.756250000e+01 2.436439496e+00
2.766760000e+01 2.438318184e+00
2.777290000e+01 2.440193513e+00
2.787840000e+01 2.442065487e+00
2.798410000e+01 2.443934127e+00
2.809000000e+01 2.445799439e+00
2.819610000e+01 2.447661434e+00
2.830240000e+01 2.449520119e+00
2.840890000e+01 2.451375516e+00
2.851560000e+01 2.453227625e+00
2.862250000e+01 2.455076461e+00
2.872960000e+01 2.456922029e+00
2.883690000e+01 2.458764345e+00
2.894440000e+01 2.460603418e+00
2.905210000e+01 2.462439256e+00
2.916000000e+01 2.464271872e+00
2.926810000e+01 2.466101274e+00
2.937640000e+01 2.467927473e+00
2.948490000e+01 2.469750481e+00
2.959360000e+01 2.471570305e+00
2.970250000e+01 2.473386956e+00
2.981160000e+01 2.475200443e+00
2.992090000e+01 2.477010778e+00
3.003040000e+01 2.478817969e+00
3.014010000e+01 2.480622027e+00
3.025000000e+01 2.482422959e+00
3.036010000e+01 2.484220780e+00
3.047040000e+01 2.486015496e+00
3.058090000e+01 2.487807116e+00
3.069160000e+01 2.489595652e+00
3.080250000e+01 2.491381111e+00
3.091360000e+01 2.493163506e+00
3.102490000e+01 2.494942841e+00
3.113640000e+01 2.496719131e+00
3.124810000e+01 2.498492381e+00
3.136000000e+01 2.500262603e+00
3.147210000e+01 2.502029806e+00
3.158440000e+01 2.503793999e+00
3.169690000e+01 2.505555189e+00
3.180960000e+01 2.507313389e+00
3.192250000e+01 2.509068605e+00
3.203560000e+01 2.510820848e+00
3.214890000e+01 2.512570125e+00
3.226240000e+01 2.514316441e+00
3.237610000e+01 2.516059821e+00
3.249000000e+01 2.517800259e+00
3.260410000e+01 2.519537765e+00
3.271840000e+01 2.521272352e+00
3.283290000e+01 2.523004036e+00
3.294760000e+01 2.524732800e+00
3.306250000e+01 2.526458678e+00
3.317760000e+01 2.528181673e+00
3.329290000e+01 2.529901789e+00
3.340840000e+01 2.531619038e+00
3.352410000e+01 2.533333424e+00
3.364000000e+01 2.535044965e+00
3.375610000e+01 2.536753657e+00
3.387240000e+01 2.538459519e+00
3.398890000e+01 2.540162553e+00
3.410560000e+01 2.541862776e+00
3.422250000e+01 2.543560178e+00
3.433960000e+01 2.545254785e+00
3.445690000e+01 2.546946592e+00
3.457440000e+01 2.548635629e+00
3.469210000e+01 2.550321885e+00
3.481000000e+01 2.552005369e+00
3.492810000e+01 2.553686093e+00
3.504640000e+01 2.555364067e+00
3.516490000e+01 2.557039308e+00
3.528360000e+01 2.558711788e+00
3.540250000e+01 2.560381549e+00
3.552160000e+01 2.562048605e+00
3.564090000e+01 2.563712940e+00
3.576040000e+01 2.565374570e+00
3.588010000e+01 2.567033505e+00
3.600000000e+01 2.568689751e+00
3.612010000e+01 2.570343316e+00
3.624040000e+01 2.571994209e+00
3.636090000e+01 2.573642436e+00
3.648160000e+01 2.575288005e+00
3.660250000e+01 2.576930925e+00
3.672360000e+01 2.578571203e+00
3.684490000e+01 2.580208845e+00
3.696640000e+01 2.581843862e+00
3.708810000e+01 2.583476258e+00
3.721000000e+01 2.585106042e+00
3.733210000e+01 2.586733209e+00
3.745440000e+01 2.588357802e+00
3.757690000e+01 2.589979792e+00
3.769960000e+01 2.591599203e+00
3.782250000e+01 2.593216037e+00
3.794560000e+01 2.594830317e+00
3.806890000e+01 2.596442019e+00
3.819240000e+01 2.598051157e+00
3.831610000e+01 2.599657768e+00
3.844000000e+01 2.601261836e+00
3.856410000e+01 2.602863372e+00
3.868840000e+01 2.604462374e+00
3.881290000e+01 2.606058866e+00
3.893760000e+01 2.607652859e+00
3.906250000e+01 2.609244327e+00
3.918760000e+01 2.610833321e+00
3.931290000e+01 2.612419813e+00
3.943840000e+01 2.614003824e+00
3.956410000e+01 2.615585360e+00
3.969000000e+01 2.617164426e+00
3.981610000e+01 2.618741032e+00
3.994240000e+01 2.620315175e+00
4.006890000e+01 2.621886865e+00
4.019560000e+01 2.623456139e+00
4.032250000e+01 2.625022964e+00
4.044960000e+01 2.626587348e+00
4.057690000e+01 2.628149334e+00
4.070440000e+01 2.629708896e+00
4.083210000e+01 2.631266047e+00
4.096000000e+01 2.632820798e+00
4.108810000e+01 2.634373157e+00
4.121640000e+01 2.635923125e+00
4.134490000e+01 2.637470711e+00
4.147360000e+01 2.639015925e+00
4.160250000e+01 2.640558765e+00
4.173160000e+01 2.642099246e+00
4.186090000e+01 2.643637351e+00
4.199040000e+01 2.645173145e+00
4.212010000e+01 2.646706577e+00
4.225000000e+01 2.648237675e+00
4.238010000e+01 2.649766431e+00
4.251040000e+01 2.651292878e+00
4.264090000e+01 2.652817003e+00
4.277160000e+01 2.654338815e+00
4.290250000e+01 2.655858322e+00
4.303360000e+01 2.657375530e+00
4.316490000e+01 2.658890422e+00
4.329640000e+01 2.660403073e+00
4.342810000e+01 2.661913421e+00
4.356000000e+01 2.663421498e+00
4.369210000e+01 2.664927294e+00
4.382440000e+01 2.666430842e+00
4.395690000e+01 2.667932128e+00
4.408960000e+01 2.669431164e+00
4.422250000e+01 2.670927955e+00
4.435560000e+01 2.672422502e+00
4.448890000e+01 2.673914829e+00
4.462240000e+01 2.675404924e+00
4.475610000e+01 2.676892798e+00
4.489000000e+01 2.678378458e+00
4.502410000e+01 2.679861906e+00
4.515840000e+01 2.681343159e+00
4.529290000e+01 2.682822208e+00
4.542760000e+01 2.684299065e+00
4.556250000e+01 2.685773738e+00
4.569760000e+01 2.687246234e+00
4.583290000e+01 2.688716554e+00
4.596840000e+01 2.690184705e+00
4.610410000e+01 2.691650693e+00
4.624000000e+01 2.693114524e+00
4.637610000e+01 2.694576206e+00
4.651240000e+01 2.696035730e+00
4.664890000e+01 2.697493103e+00
4.678560000e+01 2.698948393e+00
4.692250000e+01 2.700401523e+00
4.705960000e+01 2.701852529e+00
4.719690000e+01 2.703301417e+00
4.733440000e+01 2.704748192e+00
4.747210000e+01 2.706192862e+00
4.761000000e+01 2.707635429e+00
4.774810000e+01 2.709075901e+00
4.788640000e+01 2.710514280e+00
4.802490000e+01 2.711950574e+00
4.816360000e+01 2.713384771e+00
4.830250000e+01 2.714816930e+00
4.844160000e+01 2.716246995e+00
4.858090000e+01 2.717675002e+00
4.872040000e+01 2.719100948e+00
4.886010000e+01 2.720524840e+00
4.900000000e+01 2.721946687e+00
4.914010000e+01 2.723366488e+00
4.928040000e+01 2.724784257e+00
4.942090000e+01 2.726200001e+00
4.956160000e+01 2.727613693e+00
4.970250000e+01 2.729025330e+00
4.984360000e+01 2.730435026e+00
4.998490000e+01 2.731842679e+00
5.012640000e+01 2.733248301e+00
5.026810000e+01 2.734651965e+00
5.041000000e+01 2.736053624e+00
5.055210000e+01 2.737453263e+00
5.069440000e+01 2.738850930e+00
5.083690000e+01 2.740246612e+00
5.097960000e+01 2.741640336e+00
5.112250000e+01 2.743032052e+00
5.126560000e+01 2.744421825e+00
5.140890000e+01 2.745809628e+00
5.155240000e+01 2.747195432e+00
5.169610000e+01 2.748579392e+00
5.184000000e+01 2.749961322e+00
5.198410000e+01 2.751341326e+00
5.212840000e+01 2.752719395e+00
5.227290000e+01 2.754095530e+00
5.241760000e+01 2.755469740e+00
5.256250000e+01 2.756842022e+00
5.270760000e+01 2.758212408e+00
5.285290000e+01 2.759580839e+00
5.299840000e+01 2.760947379e+00
5.314410000e+01 2.762312013e+00
5.329000000e+01 2.763674753e+00
5.343610000e+01 2.765035621e+00
5.358240000e+01 2.766394548e+00
5.372890000e+01 2.767751614e+00
5.387560000e+01 2.769106799e+00
5.402250000e+01 2.770460108e+00
5.416960000e+01 2.771811542e+00
5.431690000e+01 2.773161116e+00
5.446440000e+01 2.774508848e+00
5.461210000e+01 2.775854644e+00
5.476000000e+01 2.777198663e+00
5.490810000e+01 2.778540809e+00
5.505640000e+01 2.779881110e+00
5.520490000e+01 2.781219589e+00
5.535360000e+01 2.782556171e+00
5.550250000e+01 2.783890992e+00
5.565160000e+01 2.785223987e+00
5.580090000e+01 2.786555109e+00
5.595040000e+01 2.787884426e+00
5.610010000e+01 2.789211935e+00
5.625000000e+01 2.790537642e+00
5.640010000e+01 2.791861540e+00
5.655040000e+01 2.793183656e+00
5.670090000e+01 2.794503940e+00
5.685160000e+01 2.795822449e+00
5.700250000e+01 2.797139206e+00
5.715360000e+01 2.798454102e+00
5.730490000e+01 2.799767270e+00
5.745640000e+01 2.801078655e+00
5.760810000e+01 2.802388270e+00
5.776000000e+01 2.803696142e+00
5.791210000e+01 2.805002204e+00
5.806440000e+01 2.806306531e+00
5.821690000e+01 2.807609057e+00
5.836960000e+01 2.808909931e+00
5.852250000e+01 2.810209077e+00
5.867560000e+01 2.811506348e+00
5.882890000e+01 2.812801950e+00
5.898240000e+01 2.814095803e+00
5.913610000e+01 2.815387944e+00
5.929000000e+01 2.816678368e+00
5.944410000e+01 2.817967094e+00
5.959840000e+01 2.819254038e+00
5.975290000e+01 2.820539301e+00
5.990760000e+01 2.821822854e+00
6.006250000e+01 2.823104704e+00
6.021760000e+01 2.824384897e+00
6.037290000e+01 2.825663305e+00
6.052840000e+01 2.826940102e+00
6.068410000e+01 2.828215134e+00
6.084000000e+01 2.829488522e+00
6.099610000e+01 2.830760176e+00
6.115240000e+01 2.832030259e+00
6.130890000e+01 2.833298608e+00
6.146560000e+01 2.834565296e+00
6.162250000e+01 2.835830315e+00
6.177960000e+01 2.837093671e+00
6.193690000e+01 2.838355377e+00
6.209440000e+01 2.839615466e+00
6.225210000e+01 2.840873822e+00
6.241000000e+01 2.842130571e+00
6.256810000e+01 2.843385681e+00
6.272640000e+01 2.844639149e+00
6.288490000e+01 2.845890983e+00
6.304360000e+01 2.847141239e+00
6.320250000e+01 2.848389766e+00
6.336160000e+01 2.849636721e+00
6.352090000e+01 2.850882053e+00
6.368040000e+01 2.852125771e+00
6.384010000e+01 2.853367878e+00
6.400000000e+01 2.854608374e+00
6.416010000e+01 2.855847311e+00
6.432040000e+01 2.857084554e+00
6.448090000e+01 2.858320247e+00
6.464160000e+01 2.859554344e+00
6.480250000e+01 2.860786849e+00
6.496360000e+01 2.862017773e+00
6.512490000e+01 2.863247112e+00
6.528640000e+01 2.864474865e+00
6.544810000e+01 2.865701050e+00
6.561000000e+01 2.866925658e+00
6.577210000e+01 2.868148699e+00
6.593440000e+01 2.869370169e+00
6.609690000e+01 2.870590086e+00
6.625960000e+01 2.871808442e+00
6.642250000e+01 2.873025287e+00
6.658560000e+01 2.874240489e+00
6.674890000e+01 2.875454189e+00
6.691240000e+01 2.876666374e+00
6.707610000e+01 2.877876957e+00
6.724000000e+01 2.879086034e+00
6.740410000e+01 2.880293577e+00
6.756840000e+01 2.881499526e+00
6.773290000e+01 2.882704073e+00
6.789760000e+01 2.883907036e+00
6.806250000e+01 2.885108475e+00
6.822760000e+01 2.886308402e+00
6.839290000e+01 2.887506811e+00
6.855840000e+01 2.888703711e+00
6.872410000e+01 2.889899105e+00
6.889000000e+01 2.891092992e+00
6.905610000e+01 2.892285426e+00
6.922240000e+01 2.893476272e+00
6.938890000e+01 2.894665673e+00
6.955560000e+01 2.895853581e+00
6.972250000e+01 2.897040003e+00
6.988960000e+01 2.898224936e+00
7.005690000e+01 2.899408387e+00
7.022440000e+01 2.900590374e+00
7.039210000e+01 2.901770879e+00
7.056000000e+01 2.902949912e+00
7.072810000e+01 2.904127479e+00
7.089640000e+01 2.905303584e+00
7.106490000e+01 2.906478225e+00
7.123360000e+01 2.907651418e+00
7.140250000e+01 2.908823136e+00
7.157160000e+01 2.909993415e+00
7.174090000e+01 2.911162243e+00
7.191040000e+01 2.912329685e+00
7.208010000e+01 2.913495566e+00
7.225000000e+01 2.914660067e+00
7.242010000e+01 2.915823135e+00
7.259040000e+01 2.916984800e+00
7.276090000e+01 2.918144955e+00
7.293160000e+01 2.919303739e+00
7.310250000e+01 2.920461104e+00
7.327360000e+01 2.921617038e+00
7.344490000e+01 2.922771554e+00
7.361640000e+01 2.923924653e+00
7.378810000e+01 2.925076345e+00
7.396000000e+01 2.926226628e+00
7.413210000e+01 2.927375506e+00
7.430440000e+01 2.928522965e+00
7.447690000e+01 2.929669057e+00
7.464960000e+01 2.930813736e+00
7.482250000e+01 2.931957023e+00
7.499560000e+01 2.933098918e+00
7.516890000e+01 2.934239493e+00
7.534240000e+01 2.935378629e+00
7.551610000e+01 2.936516297e+00
7.569000000e+01 2.937652664e+00
7.586410000e+01 2.938787584e+00
7.603840000e+01 2.939921272e+00
7.621290000e+01 2.941053518e+00
7.638760000e+01 2.942184398e+00
7.656250000e+01 2.943313920e+00
7.673760000e+01 2.944442039e+00
7.691290000e+01 2.945568873e+00
7.708840000e+01 2.946694307e+00
7.726410000e+01 2.947818400e+00
7.744000000e+01 2.948941148e+00
7.761610000e+01 2.950062544e+00
7.779240000e+01 2.951182464e+00
7.796890000e+01 2.952301331e+00
7.814560000e+01 2.953418679e+00
7.832250000e+01 2.954534715e+00
7.849960000e+01 2.955649406e+00
7.867690000e+01 2.956762864e+00
7.885440000e+01 2.957874846e+00
7.903210000e+01 2.958985571e+00
7.921000000e+01 2.960095009e+00
7.938810000e+01 2.961203057e+00
7.956640000e+01 2.962309831e+00
7.974490000e+01 2.963415279e+00
7.992360000e+01 2.964519442e+00
8.010250000e+01 2.965622266e+00
8.028160000e+01 2.966723791e+00
8.046090000e+01 2.967823952e+00
8.064040000e+01 2.968922959e+00
8.082010000e+01 2.970020520e+00
8.100000000e+01 2.971116934e+00
8.118010000e+01 2.972211950e+00
8.136040000e+01 2.973305743e+00
8.154090000e+01 2.974398213e+00
8.172160000e+01 2.975489411e+00
8.190250000e+01 2.976579319e+00
8.208360000e+01 2.977667951e+00
8.226490000e+01 2.978755311e+00
8.244640000e+01 2.979841389e+00
8.262810000e+01 2.980926194e+00
8.281000000e+01 2.982009745e+00
8.299210000e+01 2.983092032e+00
8.317440000e+01 2.984173046e+00
8.335690000e+01 2.985252798e+00
8.353960000e+01 2.986331304e+00
8.372250000e+01 2.987408537e+00
8.390560000e+01 2.988484545e+00
8.408890000e+01 2.989559293e+00
8.427240000e+01 2.990632785e+00
8.445610000e+01 2.991705038e+00
8.464000000e+01 2.992776052e+00
8.482410000e+01 2.993845825e+00
8.500840000e+01 2.994914346e+00
8.519290000e+01 2.995981655e+00
8.537760000e+01 2.997047721e+00
8.556250000e+01 2.998112562e+00
8.574760000e+01 2.999176176e+00
8.593290000e+01 3.000238561e+00
8.611840000e+01 3.001299725e+00
8.630410000e+01 3.002359672e+00
8.649000000e+01 3.003418324e+00
8.667610000e+01 3.004475914e+00
8.686240000e+01 3.005532216e+00
8.704890000e+01 3.006587303e+00
8.723560000e+01 3.007641266e+00
8.742250000e+01 3.008693860e+00
8.760960000e+01 3.009745352e+00
8.779690000e+01 3.010795619e+00
8.798440000e+01 3.011844698e+00
8.817210000e+01 3.012892576e+00
8.836000000e+01 3.013939273e+00
8.854810000e+01 3.014984780e+00
8.873640000e+01 3.016029088e+00
8.892490000e+01 3.017072211e+00
8.911360000e+01 3.018114136e+00
8.930250000e+01 3.019154913e+00
8.949160000e+01 3.020194498e+00
8.968090000e+01 3.021232905e+00
8.987040000e+01 3.022270136e+00
9.006010000e+01 3.023306194e+00
9.025000000e+01 3.024341090e+00
9.044010000e+01 3.025374812e+00
9.063040000e+01 3.026407374e+00
9.082090000e+01 3.027438765e+00
9.101160000e+01 3.028468987e+00
9.120250000e+01 3.029498055e+00
9.139360000e+01 3.030526008e+00
9.158490000e+01 3.031552782e+00
9.177640000e+01 3.032578406e+00
9.196810000e+01 3.033602868e+00
9.216000000e+01 3.034626191e+00
9.235210000e+01 3.035648345e+00
9.254440000e+01 3.036669406e+00
9.273690000e+01 3.037689300e+00
9.292960000e+01 3.038707967e+00
9.312250000e+01 3.039725682e+00
9.331560000e+01 3.040742177e+00
9.350890000e+01 3.041757534e+00
9.370240000e+01 3.042771876e+00
9.389610000e+01 3.043784870e+00
9.409000000e+01 3.044796851e+00
9.428410000e+01 3.045807677e+00
9.447840000e+01 3.046817445e+00
9.467290000e+01 3.047826068e+00
9.486760000e+01 3.048833571e+00
9.506250000e+01 3.049839962e+00
9.525760000e+01 3.050845238e+00
9.545290000e+01 3.051849415e+00
9.564840000e+01 3.052852464e+00
9.584410000e+01 3.053854433e+00
9.604000000e+01 3.054855332e+00
9.623610000e+01 3.055855041e+00
9.643240000e+01 3.056853682e+00
9.662890000e+01 3.057851254e+00
9.682560000e+01 3.058847720e+00
9.702250000e+01 3.059843092e+00
9.721960000e+01 3.060837377e+00
9.741690000e+01 3.061830570e+00
9.761440000e+01 3.062822679e+00
9.781210000e+01 3.063813705e+00
9.801000000e+01 3.064803648e+00
9.820810000e+01 3.065792513e+00
9.840640000e+01 3.066780285e+00
9.860490000e+01 3.067767005e+00
9.880360000e+01 3.068752755e+00
9.900250000e+01 3.069737207e+00
9.920160000e+01 3.070720700e+00
9.940090000e+01 3.071703090e+00
9.960040000e+01 3.072684479e+00
9.980010000e+01 3.073664801e+00
1.000000000e+02 3.074644010e+00
