0.000000000e+00 inf
2.500000000e-01 4.447110652e-04
1.000000000e+00 5.386069706e-01
2.250000000e+00 4.177504493e+00
4.000000000e+00 1.051211033e+01
6.250000000e+00 1.803144703e+01
9.000000000e+00 2.602298040e+01
1.225000000e+01 3.423528218e+01
1.600000000e+01 4.262373870e+01
2.025000000e+01 5.062762631e+01
2.500000000e+01 5.909178854e+01
3.025000000e+01 6.645656324e+01
3.600000000e+01 7.435621087e+01
4.225000000e+01 8.229596367e+01
4.900000000e+01 9.009201918e+01
5.625000000e+01 9.757741868e+01
6.400000000e+01 1.049685891e+02
7.225000000e+01 1.120847081e+02
8.100000000e+01 1.192709878e+02
9.025000000e+01 1.259559029e+02
1.000000000e+02 1.329248676e+02
1.102500000e+02 1.396427058e+02
1.210000000e+02 1.463772068e+02
1.322500000e+02 1.528933899e+02
1.440000000e+02 1.591596639e+02
1.562500000e+02 1.654183044e+02
1.690000000e+02 1.718327436e+02
1.822500000e+02 1.774481779e+02
1.960000000e+02 1.843854578e+02
2.102500000e+02 1.889153958e+02
2.250000000e+02 1.957590825e+02
2.402500000e+02 2.008272910e+02
2.560000000e+02 2.069132556e+02
2.722500000e+02 2.127944157e+02
2.890000000e+02 2.169129927e+02
3.062500000e+02 2.239089264e+02
3.240000000e+02 2.284195442e+02
3.422500000e+02 2.336405445e+02
3.610000000e+02 2.392146161e+02
3.802500000e+02 2.476177483e+02
4.000000000e+02 2.497586683e+02
