1.000000000e+00 5.764435672e-01
1.020100000e+00 5.857137976e-01
1.040400000e+00 5.948830339e-01
1.060900000e+00 6.039519279e-01
1.081600000e+00 6.129213520e-01
1.102500000e+00 6.217923775e-01
1.123600000e+00 6.305662558e-01
1.144900000e+00 6.392443973e-01
1.166400000e+00 6.478283546e-01
1.188100000e+00 6.563198041e-01
1.210000000e+00 6.647205292e-01
1.232100000e+00 6.730324042e-01
1.254400000e+00 6.812573792e-01
1.276900000e+00 6.893974656e-01
1.299600000e+00 6.974547231e-01
1.322500000e+00 7.054312474e-01
1.345600000e+00 7.133291581e-01
1.368900000e+00 7.211505888e-01
1.392400000e+00 7.288976765e-01
1.416100000e+00 7.365725541e-01
1.440000000e+00 7.441773410e-01
1.464100000e+00 7.517141369e-01
1.488400000e+00 7.591850147e-01
1.512900000e+00 7.665920155e-01
1.537600000e+00 7.739371431e-01
1.562500000e+00 7.812223597e-01
1.587600000e+00 7.884495829e-01
1.612900000e+00 7.956206818e-01
1.638400000e+00 8.027374749e-01
1.664100000e+00 8.098017280e-01
1.690000000e+00 8.168151528e-01
1.716100000e+00 8.237794054e-01
1.742400000e+00 8.306960862e-01
1.768900000e+00 8.375667387e-01
1.795600000e+00 8.443928501e-01
1.822500000e+00 8.511758515e-01
1.849600000e+00 8.579171181e-01
1.876900000e+00 8.646179699e-01
1.904400000e+00 8.712796731e-01
1.932100000e+00 8.779034404e-01
1.960000000e+00 8.844904332e-01
1.988100000e+00 8.910417619e-01
2.016400000e+00 8.975584883e-01
2.044900000e+00 9.040416265e-01
2.073600000e+00 9.104921445e-01
2.102500000e+00 9.169109664e-01
2.131600000e+00 9.232989733e-01
2.160900000e+00 9.296570054e-01
2.190400000e+00 9.359858639e-01
2.220100000e+00 9.422863120e-01
2.250000000e+00 9.485590772e-01
2.280100000e+00 9.548048526e-01
2.310400000e+00 9.610242986e-01
2.340900000e+00 9.672180443e-01
2.371600000e+00 9.733866895e-01
2.402500000e+00 9.795308057e-01
2.433600000e+00 9.856509376e-01
2.464900000e+00 9.917476047e-01
2.496400000e+00 9.978213026e-01
2.528100000e+00 1.003872504e+00
2.560000000e+00 1.009901661e+00
2.592100000e+00 1.015909203e+00
2.624400000e+00 1.021895543e+00
2.656900000e+00 1.027861075e+00
2.689600000e+00 1.033806175e+00
2.722500000e+00 1.039731204e+00
2.755600000e+00 1.045636508e+00
2.788900000e+00 1.051522416e+00
2.822400000e+00 1.057389247e+00
2.856100000e+00 1.063237304e+00
2.890000000e+00 1.069066882e+00
2.924100000e+00 1.074878260e+00
2.958400000e+00 1.080671709e+00
2.992900000e+00 1.086447490e+00
3.027600000e+00 1.092205853e+00
3.062500000e+00 1.097947039e+00
3.097600000e+00 1.103671283e+00
3.132900000e+00 1.109378809e+00
3.168400000e+00 1.115069834e+00
3.204100000e+00 1.120744568e+00
3.240000000e+00 1.126403216e+00
3.276100000e+00 1.132045974e+00
3.312400000e+00 1.137673032e+00
3.348900000e+00 1.143284576e+00
3.385600000e+00 1.148880785e+00
3.422500000e+00 1.154461834e+00
3.459600000e+00 1.160027891e+00
3.496900000e+00 1.165579121e+00
3.534400000e+00 1.171115683e+00
3.572100000e+00 1.176637735e+00
3.610000000e+00 1.182145426e+00
3.648100000e+00 1.187638905e+00
3.686400000e+00 1.193118315e+00
3.724900000e+00 1.198583797e+00
3.763600000e+00 1.204035488e+00
3.802500000e+00 1.209473521e+00
3.841600000e+00 1.214898026e+00
3.880900000e+00 1.220309132e+00
3.920400000e+00 1.225706962e+00
3.960100000e+00 1.231091639e+00
4.000000000e+00 1.236463282e+00
4.040100000e+00 1.241822006e+00
4.080400000e+00 1.247167927e+00
4.120900000e+00 1.252501156e+00
4.161600000e+00 1.257821802e+00
4.202500000e+00 1.263129973e+00
4.243600000e+00 1.268425774e+00
4.284900000e+00 1.273709306e+00
4.326400000e+00 1.278980673e+00
4.368100000e+00 1.284239973e+00
4.410000000e+00 1.289487303e+00
4.452100000e+00 1.294722758e+00
4.494400000e+00 1.299946433e+00
4.536900000e+00 1.305158418e+00
4.579600000e+00 1.310358806e+00
4.622500000e+00 1.315547684e+00
4.665600000e+00 1.320725139e+00
4.708900000e+00 1.325891258e+00
4.752400000e+00 1.331046125e+00
4.796100000e+00 1.336189822e+00
4.840000000e+00 1.341322432e+00
4.884100000e+00 1.346444033e+00
4.928400000e+00 1.351554706e+00
4.972900000e+00 1.356654528e+00
5.017600000e+00 1.361743575e+00
5.062500000e+00 1.366821923e+00
5.107600000e+00 1.371889645e+00
5.152900000e+00 1.376946815e+00
5.198400000e+00 1.381993504e+00
5.244100000e+00 1.387029782e+00
5.290000000e+00 1.392055721e+00
5.336100000e+00 1.397071388e+00
5.382400000e+00 1.402076850e+00
5.428900000e+00 1.407072176e+00
5.475600000e+00 1.412057429e+00
5.522500000e+00 1.417032676e+00
5.569600000e+00 1.421997980e+00
5.616900000e+00 1.426953403e+00
5.664400000e+00 1.431899009e+00
5.712100000e+00 1.436834858e+00
5.760000000e+00 1.441761011e+00
5.808100000e+00 1.446677528e+00
5.856400000e+00 1.451584467e+00
5.904900000e+00 1.456481886e+00
5.953600000e+00 1.461369843e+00
6.002500000e+00 1.466248394e+00
6.051600000e+00 1.471117596e+00
6.100900000e+00 1.475977503e+00
6.150400000e+00 1.480828169e+00
6.200100000e+00 1.485669649e+00
6.250000000e+00 1.490501995e+00
6.300100000e+00 1.495325261e+00
6.350400000e+00 1.500139497e+00
6.400900000e+00 1.504944755e+00
6.451600000e+00 1.509741085e+00
6.502500000e+00 1.514528538e+00
6.553600000e+00 1.519307163e+00
6.604900000e+00 1.524077008e+00
6.656400000e+00 1.528838122e+00
6.708100000e+00 1.533590552e+00
6.760000000e+00 1.538334346e+00
6.812100000e+00 1.543069550e+00
6.864400000e+00 1.547796210e+00
6.916900000e+00 1.552514371e+00
6.969600000e+00 1.557224079e+00
7.022500000e+00 1.561925378e+00
7.075600000e+00 1.566618312e+00
7.128900000e+00 1.571302925e+00
7.182400000e+00 1.575979260e+00
7.236100000e+00 1.580647358e+00
7.290000000e+00 1.585307263e+00
7.344100000e+00 1.589959020e+00
7.398400000e+00 1.594602659e+00
7.452900000e+00 1.599238232e+00
7.507600000e+00 1.603865775e+00
7.562500000e+00 1.608485329e+00
7.617600000e+00 1.613096933e+00
7.672900000e+00 1.617700626e+00
7.728400000e+00 1.622296447e+00
7.784100000e+00 1.626884435e+00
7.840000000e+00 1.631464627e+00
7.896100000e+00 1.636037061e+00
7.952400000e+00 1.640601774e+00
8.008900000e+00 1.645158803e+00
8.065600000e+00 1.649708185e+00
8.122500000e+00 1.654249956e+00
8.179600000e+00 1.658784151e+00
8.236900000e+00 1.663310807e+00
8.294400000e+00 1.667829958e+00
8.352100000e+00 1.672341638e+00
8.410000000e+00 1.676845883e+00
8.468100000e+00 1.681342726e+00
8.526400000e+00 1.685832202e+00
8.584900000e+00 1.690314345e+00
8.643600000e+00 1.694789185e+00
8.702500000e+00 1.699256759e+00
8.761600000e+00 1.703717097e+00
8.820900000e+00 1.708170232e+00
8.880400000e+00 1.712616195e+00
8.940100000e+00 1.717055020e+00
9.000000000e+00 1.721486736e+00
9.060100000e+00 1.725911377e+00
9.120400000e+00 1.730328971e+00
9.180900000e+00 1.734739550e+00
9.241600000e+00 1.739143145e+00
9.302500000e+00 1.743539785e+00
9.363600000e+00 1.747929500e+00
9.424900000e+00 1.752312320e+00
9.486400000e+00 1.756688275e+00
9.548100000e+00 1.761057392e+00
9.610000000e+00 1.765419702e+00
9.672100000e+00 1.769775233e+00
9.734400000e+00 1.774124012e+00
9.796900000e+00 1.778466069e+00
9.859600000e+00 1.782801431e+00
9.922500000e+00 1.787130126e+00
9.985600000e+00 1.791452181e+00
1.004890000e+01 1.795767624e+00
1.011240000e+01 1.800076481e+00
1.017610000e+01 1.804378780e+00
1.024000000e+01 1.808674547e+00
1.030410000e+01 1.812963808e+00
1.036840000e+01 1.817246589e+00
1.043290000e+01 1.821522917e+00
1.049760000e+01 1.825792818e+00
1.056250000e+01 1.830056315e+00
1.062760000e+01 1.834313437e+00
1.069290000e+01 1.838564206e+00
1.075840000e+01 1.842808648e+00
1.082410000e+01 1.847046789e+00
1.089000000e+01 1.851278652e+00
1.095610000e+01 1.855504263e+00
1.102240000e+01 1.859723645e+00
1.108890000e+01 1.863936822e+00
1.115560000e+01 1.868143818e+00
1.122250000e+01 1.872344657e+00
1.128960000e+01 1.876539363e+00
1.135690000e+01 1.880727958e+00
1.142440000e+01 1.884910467e+00
1.149210000e+01 1.889086911e+00
1.156000000e+01 1.893257314e+00
1.162810000e+01 1.897421699e+00
1.169640000e+01 1.901580087e+00
1.176490000e+01 1.905732502e+00
1.183360000e+01 1.909878965e+00
1.190250000e+01 1.914019499e+00
1.197160000e+01 1.918154125e+00
1.204090000e+01 1.922282866e+00
1.211040000e+01 1.926405742e+00
1.218010000e+01 1.930522776e+00
1.225000000e+01 1.934633988e+00
1.232010000e+01 1.938739399e+00
1.239040000e+01 1.942839031e+00
1.246090000e+01 1.946932905e+00
1.253160000e+01 1.951021040e+00
1.260250000e+01 1.955103459e+00
1.267360000e+01 1.959180180e+00
1.274490000e+01 1.963251225e+00
1.281640000e+01 1.967316614e+00
1.288810000e+01 1.971376366e+00
1.296000000e+01 1.975430501e+00
1.303210000e+01 1.979479040e+00
1.310440000e+01 1.983522001e+00
1.317690000e+01 1.987559405e+00
1.324960000e+01 1.991591270e+00
1.332250000e+01 1.995617617e+00
1.339560000e+01 1.999638463e+00
1.346890000e+01 2.003653829e+00
1.354240000e+01 2.007663733e+00
1.361610000e+01 2.011668193e+00
1.369000000e+01 2.015667228e+00
1.376410000e+01 2.019660858e+00
1.383840000e+01 2.023649099e+00
1.391290000e+01 2.027631971e+00
1.398760000e+01 2.031609492e+00
1.406250000e+01 2.035581679e+00
1.413760000e+01 2.039548552e+00
1.421290000e+01 2.043510127e+00
1.428840000e+01 2.047466422e+00
1.436410000e+01 2.051417454e+00
1.444000000e+01 2.055363243e+00
1.451610000e+01 2.059303803e+00
1.459240000e+01 2.063239154e+00
1.466890000e+01 2.067169312e+00
1.474560000e+01 2.071094295e+00
1.482250000e+01 2.075014118e+00
1.489960000e+01 2.078928800e+00
1.497690000e+01 2.082838357e+00
1.505440000e+01 2.086742806e+00
1.513210000e+01 2.090642163e+00
1.521000000e+01 2.094536444e+00
1.528810000e+01 2.098425667e+00
1.536640000e+01 2.102309847e+00
1.544490000e+01 2.106189000e+00
1.552360000e+01 2.110063143e+00
1.560250000e+01 2.113932293e+00
1.568160000e+01 2.117796463e+00
1.576090000e+01 2.121655670e+00
1.584040000e+01 2.125509932e+00
1.592010000e+01 2.129359261e+00
1.600000000e+01 2.133203675e+00
1.608010000e+01 2.137043189e+00
1.616040000e+01 2.140877818e+00
1.624090000e+01 2.144707577e+00
1.632160000e+01 2.148532482e+00
1.640250000e+01 2.152352548e+00
1.648360000e+01 2.156167790e+00
1.656490000e+01 2.159978222e+00
1.664640000e+01 2.163783860e+00
1.672810000e+01 2.167584717e+00
1.681000000e+01 2.171380812e+00
1.689210000e+01 2.175172155e+00
1.697440000e+01 2.178958763e+00
1.705690000e+01 2.182740647e+00
1.713960000e+01 2.186517829e+00
1.722250000e+01 2.190290316e+00
1.730560000e+01 2.194058125e+00
1.738890000e+01 2.197821268e+00
1.747240000e+01 2.201579762e+00
1.755610000e+01 2.205333621e+00
1.764000000e+01 2.209082853e+00
1.772410000e+01 2.212827484e+00
1.780840000e+01 2.216567517e+00
1.789290000e+01 2.220302969e+00
1.797760000e+01 2.224033854e+00
1.806250000e+01 2.227760185e+00
1.814760000e+01 2.231481971e+00
1.823290000e+01 2.235199240e+00
1.831840000e+01 2.238911991e+00
1.840410000e+01 2.242620242e+00
1.849000000e+01 2.246324005e+00
1.857610000e+01 2.250023295e+00
1.866240000e+01 2.253718124e+00
1.874890000e+01 2.257408505e+00
1.883560000e+01 2.261094452e+00
1.892250000e+01 2.264775977e+00
1.900960000e+01 2.268453093e+00
1.909690000e+01 2.272125813e+00
1.918440000e+01 2.275794149e+00
1.927210000e+01 2.279458113e+00
1.936000000e+01 2.283117720e+00
1.944810000e+01 2.286772980e+00
1.953640000e+01 2.290423906e+00
1.962490000e+01 2.294070513e+00
1.971360000e+01 2.297712808e+00
1.980250000e+01 2.301350808e+00
1.989160000e+01 2.304984524e+00
1.998090000e+01 2.308613967e+00
2.007040000e+01 2.312239149e+00
2.016010000e+01 2.315860084e+00
2.025000000e+01 2.319476782e+00
2.034010000e+01 2.323089255e+00
2.043040000e+01 2.326697516e+00
2.052090000e+01 2.330301575e+00
2.061160000e+01 2.333901447e+00
2.070250000e+01 2.337497140e+00
2.079360000e+01 2.341088667e+00
2.088490000e+01 2.344676041e+00
2.097640000e+01 2.348259271e+00
2.106810000e+01 2.351838369e+00
2.116000000e+01 2.355413348e+00
2.125210000e+01 2.358984218e+00
2.134440000e+01 2.362550988e+00
2.143690000e+01 2.366113676e+00
2.152960000e+01 2.369672287e+00
2.162250000e+01 2.373226834e+00
2.171560000e+01 2.376777329e+00
2.180890000e+01 2.380323781e+00
2.190240000e+01 2.383866202e+00
2.199610000e+01 2.387404603e+00
2.209000000e+01 2.390938996e+00
2.218410000e+01 2.394469389e+00
2.227840000e+01 2.397995795e+00
2.237290000e+01 2.401518224e+00
2.246760000e+01 2.405036687e+00
2.256250000e+01 2.408551194e+00
2.265760000e+01 2.412061748e+00
2.275290000e+01 2.415568384e+00
2.284840000e+01 2.419071087e+00
2.294410000e+01 2.422569876e+00
2.304000000e+01 2.426064763e+00
2.313610000e+01 2.429555756e+00
2.323240000e+01 2.433042867e+00
2.332890000e+01 2.436526105e+00
2.342560000e+01 2.440005480e+00
2.352250000e+01 2.443481004e+00
2.361960000e+01 2.446952685e+00
2.371690000e+01 2.450420534e+00
2.381440000e+01 2.453884561e+00
2.391210000e+01 2.457344776e+00
2.401000000e+01 2.460801189e+00
2.410810000e+01 2.464253810e+00
2.420640000e+01 2.467702648e+00
2.430490000e+01 2.471147713e+00
2.440360000e+01 2.474589015e+00
2.450250000e+01 2.478026564e+00
2.460160000e+01 2.481460370e+00
2.470090000e+01 2.484890442e+00
2.480040000e+01 2.488316788e+00
2.490010000e+01 2.491739421e+00
2.500000000e+01 2.495158347e+00
2.510010000e+01 2.498573578e+00
2.520040000e+01 2.501985123e+00
2.530090000e+01 2.505392989e+00
2.540160000e+01 2.508797188e+00
2.550250000e+01 2.512197729e+00
2.560360000e+01 2.515594640e+00
2.570490000e+01 2.518987870e+00
2.580640000e+01 2.522377490e+00
2.590810000e+01 2.525763489e+00
2.601000000e+01 2.529145875e+00
2.611210000e+01 2.532524656e+00
2.621440000e+01 2.535899843e+00
2.631690000e+01 2.539271445e+00
2.641960000e+01 2.542639469e+00
2.652250000e+01 2.546003926e+00
2.662560000e+01 2.549364823e+00
2.672890000e+01 2.552722171e+00
2.683240000e+01 2.556075978e+00
2.693610000e+01 2.559426250e+00
2.704000000e+01 2.562773000e+00
2.714410000e+01 2.566116234e+00
2.724840000e+01 2.569455962e+00
2.735290000e+01 2.572792191e+00
2.745760000e+01 2.576124934e+00
2.756250000e+01 2.579454190e+00
2.766760000e+01 2.582779979e+00
2.777290000e+01 2.586102302e+00
2.787840000e+01 2.589421172e+00
2.798410000e+01 2.592736591e+00
2.809000000e+01 2.596048573e+00
2.819610000e+01 2.599357123e+00
2.830240000e+01 2.602662254e+00
2.840890000e+01 2.605963970e+00
2.851560000e+01 2.609262274e+00
2.862250000e+01 2.612557193e+00
2.872960000e+01 2.615848717e+00
2.883690000e+01 2.619136859e+00
2.894440000e+01 2.622421630e+00
2.905210000e+01 2.625703033e+00
2.916000000e+01 2.628981082e+00
2.926810000e+01 2.632255781e+00
2.937640000e+01 2.635527139e+00
2.948490000e+01 2.638795165e+00
2.959360000e+01 2.642059866e+00
2.970250000e+01 2.645321250e+00
2.981160000e+01 2.648579323e+00
2.992090000e+01 2.651834096e+00
3.003040000e+01 2.655085574e+00
3.014010000e+01 2.658333767e+00
3.025000000e+01 2.661578679e+00
3.036010000e+01 2.664820326e+00
3.047040000e+01 2.668058707e+00
3.058090000e+01 2.671293832e+00
3.069160000e+01 2.674525711e+00
3.080250000e+01 2.677754349e+00
3.091360000e+01 2.680979755e+00
3.102490000e+01 2.684201935e+00
3.113640000e+01 2.687420893e+00
3.124810000e+01 2.690636653e+00
3.136000000e+01 2.693849204e+00
3.147210000e+01 2.697058560e+00
3.158440000e+01 2.700264728e+00
3.169690000e+01 2.703467715e+00
3.180960000e+01 2.706667529e+00
3.192250000e+01 2.709864176e+00
3.203560000e+01 2.713057668e+00
3.214890000e+01 2.716248005e+00
3.226240000e+01 2.719435202e+00
3.237610000e+01 2.722619258e+00
3.249000000e+01 2.725800186e+00
3.260410000e+01 2.728977990e+00
3.271840000e+01 2.732152680e+00
3.283290000e+01 2.735324261e+00
3.294760000e+01 2.738492741e+00
3.306250000e+01 2.741658126e+00
3.317760000e+01 2.744820424e+00
3.329290000e+01 2.747979642e+00
3.340840000e+01 2.751135786e+00
3.352410000e+01 2.754288863e+00
3.364000000e+01 2.757438881e+00
3.375610000e+01 2.760585846e+00
3.387240000e+01 2.763729764e+00
3.398890000e+01 2.766870644e+00
3.410560000e+01 2.770008490e+00
3.422250000e+01 2.773143313e+00
3.433960000e+01 2.776275115e+00
3.445690000e+01 2.779403905e+00
3.457440000e+01 2.782529691e+00
3.469210000e+01 2.785652479e+00
3.481000000e+01 2.788772273e+00
3.492810000e+01 2.791889082e+00
3.504640000e+01 2.795002912e+00
3.516490000e+01 2.798113768e+00
3.528360000e+01 2.801221661e+00
3.540250000e+01 2.804326593e+00
3.552160000e+01 2.807428573e+00
3.564090000e+01 2.810527606e+00
3.576040000e+01 2.813623697e+00
3.588010000e+01 2.816716861e+00
3.600000000e+01 2.819807095e+00
3.612010000e+01 2.822894407e+00
3.624040000e+01 2.825978807e+00
3.636090000e+01 2.829060296e+00
3.648160000e+01 2.832138886e+00
3.660250000e+01 2.835214579e+00
3.672360000e+01 2.838287385e+00
3.684490000e+01 2.841357308e+00
3.696640000e+01 2.844424342e+00
3.708810000e+01 2.847488521e+00
3.721000000e+01 2.850549838e+00
3.733210000e+01 2.853608291e+00
3.745440000e+01 2.856663893e+00
3.757690000e+01 2.859716648e+00
3.769960000e+01 2.862766564e+00
3.782250000e+01 2.865813646e+00
3.794560000e+01 2.868857901e+00
3.806890000e+01 2.871899334e+00
3.819240000e+01 2.874937953e+00
3.831610000e+01 2.877973761e+00
3.844000000e+01 2.881006768e+00
3.856410000e+01 2.884036976e+00
3.868840000e+01 2.887064392e+00
3.881290000e+01 2.890089025e+00
3.893760000e+01 2.893110877e+00
3.906250000e+01 2.896129951e+00
3.918760000e+01 2.899146260e+00
3.931290000e+01 2.902159808e+00
3.943840000e+01 2.905170600e+00
3.956410000e+01 2.908178638e+00
3.969000000e+01 2.911183931e+00
3.981610000e+01 2.914186489e+00
3.994240000e+01 2.917186312e+00
4.006890000e+01 2.920183407e+00
4.019560000e+01 2.923177778e+00
4.032250000e+01 2.926169436e+00
4.044960000e+01 2.929158384e+00
4.057690000e+01 2.932144614e+00
4.070440000e+01 2.935128160e+00
4.083210000e+01 2.938109017e+00
4.096000000e+01 2.941087172e+00
4.108810000e+01 2.944062653e+00
4.121640000e+01 2.947035454e+00
4.134490000e+01 2.950005582e+00
4.147360000e+01 2.952973034e+00
4.160250000e+01 2.955937847e+00
4.173160000e+01 2.958899992e+00
4.186090000e+01 2.961859490e+00
4.199040000e+01 2.964816347e+00
4.212010000e+01 2.967770561e+00
4.225000000e+01 2.970722143e+00
4.238010000e+01 2.973671098e+00
4.251040000e+01 2.976617428e+00
4.264090000e+01 2.979561131e+00
4.277160000e+01 2.982502239e+00
4.290250000e+01 2.985440737e+00
4.303360000e+01 2.988376630e+00
4.316490000e+01 2.991309927e+00
4.329640000e+01 2.994240633e+00
4.342810000e+01 2.997168755e+00
4.356000000e+01 3.000094297e+00
4.369210000e+01 3.003017258e+00
4.382440000e+01 3.005937656e+00
4.395690000e+01 3.008855491e+00
4.408960000e+01 3.011770753e+00
4.422250000e+01 3.014683475e+00
4.435560000e+01 3.017593642e+00
4.448890000e+01 3.020501266e+00
4.462240000e+01 3.023406348e+00
4.475610000e+01 3.026308895e+00
4.489000000e+01 3.029208914e+00
4.502410000e+01 3.032106408e+00
4.515840000e+01 3.035001392e+00
4.529290000e+01 3.037893854e+00
4.542760000e+01 3.040783809e+00
4.556250000e+01 3.043671258e+00
4.569760000e+01 3.046556210e+00
4.583290000e+01 3.049438667e+00
4.596840000e+01 3.052318626e+00
4.610410000e+01 3.055196115e+00
4.624000000e+01 3.058071119e+00
4.637610000e+01 3.060943653e+00
4.651240000e+01 3.063813715e+00
4.664890000e+01 3.066681309e+00
4.678560000e+01 3.069546443e+00
4.692250000e+01 3.072409125e+00
4.705960000e+01 3.075269353e+00
4.719690000e+01 3.078127139e+00
4.733440000e+01 3.080982481e+00
4.747210000e+01 3.083835384e+00
4.761000000e+01 3.086685861e+00
4.774810000e+01 3.089533915e+00
4.788640000e+01 3.092379543e+00
4.802490000e+01 3.095222750e+00
4.816360000e+01 3.098063548e+00
4.830250000e+01 3.100901940e+00
4.844160000e+01 3.103737928e+00
4.858090000e+01 3.106571517e+00
4.872040000e+01 3.109402709e+00
4.886010000e+01 3.112231517e+00
4.900000000e+01 3.115057933e+00
4.914010000e+01 3.117881974e+00
4.928040000e+01 3.120703641e+00
4.942090000e+01 3.123522925e+00
4.956160000e+01 3.126339864e+00
4.970250000e+01 3.129154430e+00
4.984360000e+01 3.131966639e+00
4.998490000e+01 3.134776489e+00
5.012640000e+01 3.137584000e+00
5.026810000e+01 3.140389167e+00
5.041000000e+01 3.143191992e+00
5.055210000e+01 3.145992482e+00
5.069440000e+01 3.148790640e+00
5.083690000e+01 3.151586473e+00
5.097960000e+01 3.154380004e+00
5.112250000e+01 3.157171170e+00
5.126560000e+01 3.159960061e+00
5.140890000e+01 3.162746634e+00
5.155240000e+01 3.165530895e+00
5.169610000e+01 3.168312860e+00
5.184000000e+01 3.171092543e+00
5.198410000e+01 3.173869925e+00
5.212840000e+01 3.176645006e+00
5.227290000e+01 3.179417829e+00
5.241760000e+01 3.182188364e+00
5.256250000e+01 3.184956623e+00
5.270760000e+01 3.187722613e+00
5.285290000e+01 3.190486339e+00
5.299840000e+01 3.193247799e+00
5.314410000e+01 3.196007002e+00
5.329000000e+01 3.198763951e+00
5.343610000e+01 3.201518654e+00
5.358240000e+01 3.204271116e+00
5.372890000e+01 3.207021386e+00
5.387560000e+01 3.209769309e+00
5.402250000e+01 3.212515063e+00
5.416960000e+01 3.215258583e+00
5.431690000e+01 3.217999880e+00
5.446440000e+01 3.220738954e+00
5.461210000e+01 3.223475811e+00
5.476000000e+01 3.226210469e+00
5.490810000e+01 3.228942914e+00
5.505640000e+01 3.231673150e+00
5.520490000e+01 3.234401191e+00
5.535360000e+01 3.237127024e+00
5.550250000e+01 3.239850689e+00
5.565160000e+01 3.242572146e+00
5.580090000e+01 3.245291433e+00
5.595040000e+01 3.248008539e+00
5.610010000e+01 3.250723468e+00
5.625000000e+01 3.253436225e+00
5.640010000e+01 3.256146814e+00
5.655040000e+01 3.258855235e+00
5.670090000e+01 3.261561502e+00
5.685160000e+01 3.264265609e+00
5.700250000e+01 3.266967568e+00
5.715360000e+01 3.269667379e+00
5.730490000e+01 3.272365045e+00
5.745640000e+01 3.275060569e+00
5.760810000e+01 3.277753958e+00
5.776000000e+01 3.280445212e+00
5.791210000e+01 3.283134337e+00
5.806440000e+01 3.285821337e+00
5.821690000e+01 3.288506217e+00
5.836960000e+01 3.291188970e+00
5.852250000e+01 3.293869630e+00
5.867560000e+01 3.296548165e+00
5.882890000e+01 3.299224592e+00
5.898240000e+01 3.301898929e+00
5.913610000e+01 3.304571161e+00
5.929000000e+01 3.307241291e+00
5.944410000e+01 3.309909336e+00
5.959840000e+01 3.312575296e+00
5.975290000e+01 3.315239165e+00
5.990760000e+01 3.317900963e+00
6.006250000e+01 3.320560680e+00
6.021760000e+01 3.323218327e+00
6.037290000e+01 3.325873902e+00
6.052840000e+01 3.328527416e+00
6.068410000e+01 3.331178864e+00
6.084000000e+01 3.333828254e+00
6.099610000e+01 3.336475600e+00
6.115240000e+01 3.339120890e+00
6.130890000e+01 3.341764133e+00
6.146560000e+01 3.344405330e+00
6.162250000e+01 3.347044491e+00
6.177960000e+01 3.349681608e+00
6.193690000e+01 3.352316704e+00
6.209440000e+01 3.354949767e+00
6.225210000e+01 3.357580807e+00
6.241000000e+01 3.360209804e+00
6.256810000e+01 3.362836818e+00
6.272640000e+01 3.365461805e+00
6.288490000e+01 3.368084770e+00
6.304360000e+01 3.370705734e+00
6.320250000e+01 3.373324688e+00
6.336160000e+01 3.375941644e+00
6.352090000e+01 3.378556610e+00
6.368040000e+01 3.381169561e+00
6.384010000e+01 3.383780539e+00
6.400000000e+01 3.386389522e+00
6.416010000e+01 3.388996520e+00
6.432040000e+01 3.391601536e+00
6.448090000e+01 3.394204572e+00
6.464160000e+01 3.396805639e+00
6.480250000e+01 3.399404733e+00
6.496360000e+01 3.402001859e+00
6.512490000e+01 3.404597021e+00
6.528640000e+01 3.407190214e+00
6.544810000e+01 3.409781467e+00
6.561000000e+01 3.412370757e+00
6.577210000e+01 3.414958083e+00
6.593440000e+01 3.417543489e+00
6.609690000e+01 3.420126927e+00
6.625960000e+01 3.422708448e+00
6.642250000e+01 3.425288022e+00
6.658560000e+01 3.427865665e+00
6.674890000e+01 3.430441370e+00
6.691240000e+01 3.433015153e+00
6.707610000e+01 3.435587023e+00
6.724000000e+01 3.438156968e+00
6.740410000e+01 3.440724995e+00
6.756840000e+01 3.443291109e+00
6.773290000e+01 3.445855315e+00
6.789760000e+01 3.448417615e+00
6.806250000e+01 3.450978007e+00
6.822760000e+01 3.453536501e+00
6.839290000e+01 3.456093090e+00
6.855840000e+01 3.458647810e+00
6.872410000e+01 3.461200619e+00
6.889000000e+01 3.463751548e+00
6.905610000e+01 3.466300586e+00
6.922240000e+01 3.468847743e+00
6.938890000e+01 3.471393022e+00
6.955560000e+01 3.473936427e+00
6.972250000e+01 3.476477954e+00
6.988960000e+01 3.479017608e+00
7.005690000e+01 3.481555402e+00
7.022440000e+01 3.484091327e+00
7.039210000e+01 3.486625390e+00
7.056000000e+01 3.489157582e+00
7.072810000e+01 3.491687945e+00
7.089640000e+01 3.494216440e+00
7.106490000e+01 3.496743072e+00
7.123360000e+01 3.499267883e+00
7.140250000e+01 3.501790814e+00
7.157160000e+01 3.504311958e+00
7.174090000e+01 3.506831231e+00
7.191040000e+01 3.509348674e+00
7.208010000e+01 3.511864282e+00
7.225000000e+01 3.514378071e+00
7.242010000e+01 3.516890034e+00
7.259040000e+01 3.519400175e+00
7.276090000e+01 3.521908498e+00
7.293160000e+01 3.524415006e+00
7.310250000e+01 3.526919703e+00
7.327360000e+01 3.529422587e+00
7.344490000e+01 3.531923680e+00
7.361640000e+01 3.534422965e+00
7.378810000e+01 3.536920452e+00
7.396000000e+01 3.539416146e+00
7.413210000e+01 3.541910048e+00
7.430440000e+01 3.544402164e+00
7.447690000e+01 3.546892489e+00
7.464960000e+01 3.549381034e+00
7.482250000e+01 3.551867804e+00
7.499560000e+01 3.554352789e+00
7.516890000e+01 3.556835997e+00
7.534240000e+01 3.559317444e+00
7.551610000e+01 3.561797119e+00
7.569000000e+01 3.564275026e+00
7.586410000e+01 3.566751168e+00
7.603840000e+01 3.569225546e+00
7.621290000e+01 3.571698159e+00
7.638760000e+01 3.574169024e+00
7.656250000e+01 3.576638133e+00
7.673760000e+01 3.579105488e+00
7.691290000e+01 3.581571079e+00
7.708840000e+01 3.584034944e+00
7.726410000e+01 3.586497057e+00
7.744000000e+01 3.588957425e+00
7.761610000e+01 3.591416049e+00
7.779240000e+01 3.593872920e+00
7.796890000e+01 3.596328085e+00
7.814560000e+01 3.598781502e+00
7.832250000e+01 3.601233186e+00
7.849960000e+01 3.603683150e+00
7.867690000e+01 3.606131367e+00
7.885440000e+01 3.608577902e+00
7.903210000e+01 3.611022693e+00
7.921000000e+01 3.613465772e+00
7.938810000e+01 3.615907135e+00
7.956640000e+01 3.618346801e+00
7.974490000e+01 3.620784740e+00
7.992360000e+01 3.623221009e+00
8.010250000e+01 3.625655566e+00
8.028160000e+01 3.628088411e+00
8.046090000e+01 3.630519588e+00
8.064040000e+01 3.632949067e+00
8.082010000e+01 3.635376820e+00
8.100000000e+01 3.637802978e+00
8.118010000e+01 3.640227412e+00
8.136040000e+01 3.642650157e+00
8.154090000e+01 3.645071258e+00
8.172160000e+01 3.647490673e+00
8.190250000e+01 3.649908453e+00
8.208360000e+01 3.652324488e+00
8.226490000e+01 3.654738934e+00
8.244640000e+01 3.657151708e+00
8.262810000e+01 3.659562795e+00
8.281000000e+01 3.661972261e+00
8.299210000e+01 3.664380061e+00
8.317440000e+01 3.666786208e+00
8.335690000e+01 3.669190702e+00
8.353960000e+01 3.671593554e+00
8.372250000e+01 3.673994747e+00
8.390560000e+01 3.676394324e+00
8.408890000e+01 3.678792219e+00
8.427240000e+01 3.681188515e+00
8.445610000e+01 3.683583158e+00
8.464000000e+01 3.685976135e+00
8.482410000e+01 3.688367513e+00
8.500840000e+01 3.690757240e+00
8.519290000e+01 3.693145331e+00
8.537760000e+01 3.695531787e+00
8.556250000e+01 3.697916620e+00
8.574760000e+01 3.700299826e+00
8.593290000e+01 3.702681390e+00
8.611840000e+01 3.705061372e+00
8.630410000e+01 3.707439697e+00
8.649000000e+01 3.709816429e+00
8.667610000e+01 3.712191540e+00
8.686240000e+01 3.714565036e+00
8.704890000e+01 3.716936926e+00
8.723560000e+01 3.719307208e+00
8.742250000e+01 3.721675888e+00
8.760960000e+01 3.724042986e+00
8.779690000e+01 3.726408462e+00
8.798440000e+01 3.728772359e+00
8.817210000e+01 3.731134687e+00
8.836000000e+01 3.733495445e+00
8.854810000e+01 3.735854600e+00
8.873640000e+01 3.738212185e+00
8.892490000e+01 3.740568185e+00
8.911360000e+01 3.742922622e+00
8.930250000e+01 3.745275504e+00
8.949160000e+01 3.747626842e+00
8.968090000e+01 3.749976606e+00
8.987040000e+01 3.752324813e+00
9.006010000e+01 3.754671461e+00
9.025000000e+01 3.757016574e+00
9.044010000e+01 3.759360114e+00
9.063040000e+01 3.761702094e+00
9.082090000e+01 3.764042574e+00
9.101160000e+01 3.766381521e+00
9.120250000e+01 3.768718881e+00
9.139360000e+01 3.771054738e+00
9.158490000e+01 3.773389040e+00
9.177640000e+01 3.775721800e+00
9.196810000e+01 3.778053024e+00
9.216000000e+01 3.780382698e+00
9.235210000e+01 3.782710852e+00
9.254440000e+01 3.785037452e+00
9.273690000e+01 3.787362527e+00
9.292960000e+01 3.789686088e+00
9.312250000e+01 3.792008091e+00
9.331560000e+01 3.794328548e+00
9.350890000e+01 3.796647501e+00
9.370240000e+01 3.798964894e+00
9.389610000e+01 3.801280789e+00
9.409000000e+01 3.803595132e+00
9.428410000e+01 3.805907961e+00
9.447840000e+01 3.808219254e+00
9.467290000e+01 3.810529031e+00
9.486760000e+01 3.812837280e+00
9.506250000e+01 3.815144013e+00
9.525760000e+01 3.817449159e+00
9.545290000e+01 3.819752945e+00
9.564840000e+01 3.822055140e+00
9.584410000e+01 3.824355839e+00
9.604000000e+01 3.826654995e+00
9.623610000e+01 3.828952725e+00
9.643240000e+01 3.831248946e+00
9.662890000e+01 3.833543641e+00
9.682560000e+01 3.835836898e+00
9.702250000e+01 3.838128627e+00
9.721960000e+01 3.840418938e+00
9.741690000e+01 3.842707749e+00
9.761440000e+01 3.844995101e+00
9.781210000e+01 3.847280988e+00
9.801000000e+01 3.849565409e+00
9.820810000e+01 3.851848381e+00
9.840640000e+01 3.854129872e+00
9.860490000e+01 3.856409970e+00
9.880360000e+01 3.858688572e+00
9.900250000e+01 3.860965784e+00
9.920160000e+01 3.863241528e+00
9.940090000e+01 3.865515804e+00
9.960040000e+01 3.867788693e+00
9.980010000e+01 3.870060109e+00
1.000000000e+02 3.872330122e+00
