0.000000000e+00 inf
2.500000000e-01 4.675195609e-04
1.000000000e+00 5.427206258e-01
2.250000000e+00 3.508530966e+00
4.000000000e+00 7.473462673e+00
6.250000000e+00 1.144284993e+01
9.000000000e+00 1.522992901e+01
1.225000000e+01 1.880407924e+01
1.600000000e+01 2.217646678e+01
2.025000000e+01 2.535022891e+01
2.500000000e+01 2.835571065e+01
3.025000000e+01 3.117998861e+01
3.600000000e+01 3.392500831e+01
4.225000000e+01 3.646458770e+01
4.900000000e+01 3.895105064e+01
5.625000000e+01 4.129854909e+01
6.400000000e+01 4.351110019e+01
7.225000000e+01 4.561668734e+01
8.100000000e+01 4.774257374e+01
9.025000000e+01 4.963228750e+01
1.000000000e+02 5.157301237e+01
1.102500000e+02 5.340702554e+01
1.210000000e+02 5.523727579e+01
1.322500000e+02 5.713510555e+01
1.440000000e+02 5.874739728e+01
1.562500000e+02 6.036993401e+01
1.690000000e+02 6.197007022e+01
1.822500000e+02 6.345347839e+01
1.960000000e+02 6.529226724e+01
2.102500000e+02 6.611439638e+01
2.250000000e+02 6.797978287e+01
2.402500000e+02 6.924074622e+01
2.560000000e+02 7.047627384e+01
2.722500000e+02 7.212044904e+01
2.890000000e+02 7.308147682e+01
3.062500000e+02 7.462940128e+01
3.240000000e+02 7.559980346e+01
3.422500000e+02 7.681696202e+01
3.610000000e+02 7.819897945e+01
3.802500000e+02 7.931493185e+01
4.000000000e+02 8.025127670e+01
