0.000000000e+00 -9.803691864e-32
1.000000000e-02 9.666942216e-04
4.000000000e-02 1.483107569e-02
9.000000000e-02 7.004263782e-02
1.600000000e-01 2.010656608e-01
2.500000000e-01 4.345840258e-01
3.600000000e-01 7.787620279e-01
4.900000000e-01 1.219293798e+00
6.400000000e-01 1.722963340e+00
8.100000000e-01 2.246551887e+00
1.000000000e+00 2.747375060e+00
1.210000000e+00 3.191899279e+00
1.440000000e+00 3.560328514e+00
1.690000000e+00 3.846884291e+00
1.960000000e+00 4.056914176e+00
2.250000000e+00 4.202557580e+00
2.560000000e+00 4.298527552e+00
2.890000000e+00 4.358965150e+00
3.240000000e+00 4.395660050e+00
3.610000000e+00 4.417453239e+00
4.000000000e+00 4.430420987e+00
4.410000000e+00 4.438434443e+00
4.840000000e+00 4.443797521e+00
5.290000000e+00 4.447798777e+00
5.760000000e+00 4.451119127e+00
6.250000000e+00 4.454100604e+00
6.760000000e+00 4.456907905e+00
7.290000000e+00 4.459618123e+00
7.840000000e+00 4.462267192e+00
8.410000000e+00 4.464872469e+00
9.000000000e+00 4.467443110e+00
9.610000000e+00 4.469984621e+00
1.024000000e+01 4.472500784e+00
1.089000000e+01 4.474994476e+00
1.156000000e+01 4.477468019e+00
1.225000000e+01 4.479923353e+00
1.296000000e+01 4.482362124e+00
1.369000000e+01 4.484785746e+00
1.444000000e+01 4.487195448e+00
1.521000000e+01 4.489592295e+00
1.600000000e+01 4.491977226e+00
1.681000000e+01 4.494351063e+00
1.764000000e+01 4.496714538e+00
1.849000000e+01 4.499068298e+00
1.936000000e+01 4.501412921e+00
2.025000000e+01 4.503748923e+00
2.116000000e+01 4.506076767e+00
2.209000000e+01 4.508396873e+00
2.304000000e+01 4.510709615e+00
2.401000000e+01 4.513015336e+00
2.500000000e+01 4.515314344e+00
2.601000000e+01 4.517606920e+00
2.704000000e+01 4.519893321e+00
2.809000000e+01 4.522173781e+00
2.916000000e+01 4.524448515e+00
3.025000000e+01 4.526717717e+00
3.136000000e+01 4.528981568e+00
3.249000000e+01 4.531240235e+00
3.364000000e+01 4.533493869e+00
3.481000000e+01 4.535742612e+00
3.600000000e+01 4.537986594e+00
3.721000000e+01 4.540225935e+00
3.844000000e+01 4.542460746e+00
3.969000000e+01 4.544691133e+00
4.096000000e+01 4.546917191e+00
4.225000000e+01 4.549139007e+00
4.356000000e+01 4.551356669e+00
4.489000000e+01 4.553570249e+00
4.624000000e+01 4.555779832e+00
4.761000000e+01 4.557985471e+00
4.900000000e+01 4.560187235e+00
5.041000000e+01 4.562385187e+00
5.184000000e+01 4.564579375e+00
5.329000000e+01 4.566769858e+00
5.476000000e+01 4.568956684e+00
5.625000000e+01 4.571139895e+00
5.776000000e+01 4.573319539e+00
5.929000000e+01 4.575495660e+00
6.084000000e+01 4.577668287e+00
6.241000000e+01 4.579837461e+00
6.400000000e+01 4.582003221e+00
6.561000000e+01 4.584165592e+00
6.724000000e+01 4.586324608e+00
6.889000000e+01 4.588480275e+00
7.056000000e+01 4.590632695e+00
7.225000000e+01 4.592781820e+00
7.396000000e+01 4.594927693e+00
7.569000000e+01 4.597070343e+00
7.744000000e+01 4.599209804e+00
7.921000000e+01 4.601346068e+00
8.100000000e+01 4.603479179e+00
8.281000000e+01 4.605609154e+00
8.464000000e+01 4.607736009e+00
8.649000000e+01 4.609859761e+00
8.836000000e+01 4.611980426e+00
9.025000000e+01 4.614098023e+00
9.216000000e+01 4.616212565e+00
9.409000000e+01 4.618324064e+00
9.604000000e+01 4.620432548e+00
9.801000000e+01 4.622538002e+00
1.000000000e+02 4.624640477e+00
1.020100000e+02 4.626739965e+00
1.040400000e+02 4.628836474e+00
1.060900000e+02 4.630930037e+00
1.081600000e+02 4.633020645e+00
1.102500000e+02 4.635108312e+00
1.123600000e+02 4.637193028e+00
1.144900000e+02 4.639274837e+00
1.166400000e+02 4.641353751e+00
1.188100000e+02 4.643429792e+00
1.210000000e+02 4.645502937e+00
1.232100000e+02 4.647573161e+00
1.254400000e+02 4.649640480e+00
1.276900000e+02 4.651704971e+00
1.299600000e+02 4.653766695e+00
1.322500000e+02 4.655825604e+00
1.345600000e+02 4.657881594e+00
1.368900000e+02 4.659934623e+00
1.392400000e+02 4.661984807e+00
1.416100000e+02 4.664032317e+00
1.440000000e+02 4.666077207e+00
1.464100000e+02 4.668119338e+00
1.488400000e+02 4.670158443e+00
1.512900000e+02 4.672194440e+00
1.537600000e+02 4.674227625e+00
1.562500000e+02 4.676258444e+00
1.587600000e+02 4.678286953e+00
1.612900000e+02 4.680312696e+00
1.638400000e+02 4.682335173e+00
1.664100000e+02 4.684354239e+00
1.690000000e+02 4.686370436e+00
1.716100000e+02 4.688384580e+00
1.742400000e+02 4.690396985e+00
1.768900000e+02 4.692406974e+00
1.795600000e+02 4.694413445e+00
1.822500000e+02 4.696415846e+00
1.849600000e+02 4.698414796e+00
1.876900000e+02 4.700411829e+00
1.904400000e+02 4.702407981e+00
1.932100000e+02 4.704402741e+00
1.960000000e+02 4.706394420e+00
1.988100000e+02 4.708381254e+00
2.016400000e+02 4.710363223e+00
2.044900000e+02 4.712342193e+00
2.073600000e+02 4.714320636e+00
2.102500000e+02 4.716299513e+00
2.131600000e+02 4.718277348e+00
2.160900000e+02 4.720251047e+00
2.190400000e+02 4.722218414e+00
2.220100000e+02 4.724179883e+00
2.250000000e+02 4.726138616e+00
2.280100000e+02 4.728098205e+00
2.310400000e+02 4.730059876e+00
2.340900000e+02 4.732021438e+00
2.371600000e+02 4.733978541e+00
2.402500000e+02 4.735927779e+00
2.433600000e+02 4.737869331e+00
2.464900000e+02 4.739807065e+00
2.496400000e+02 4.741746060e+00
2.528100000e+02 4.743689028e+00
2.560000000e+02 4.745634299e+00
2.592100000e+02 4.747576766e+00
2.624400000e+02 4.749511091e+00
2.656900000e+02 4.751435371e+00
2.689600000e+02 4.753352522e+00
2.722500000e+02 4.755268635e+00
2.755600000e+02 4.757188990e+00
2.788900000e+02 4.759114878e+00
2.822400000e+02 4.761042531e+00
2.856100000e+02 4.762965394e+00
2.890000000e+02 4.764878091e+00
2.924100000e+02 4.766779675e+00
2.958400000e+02 4.768674302e+00
2.992900000e+02 4.770568687e+00
3.027600000e+02 4.772468441e+00
3.062500000e+02 4.774374632e+00
3.097600000e+02 4.776283340e+00
3.132900000e+02 4.778187891e+00
3.168400000e+02 4.780082558e+00
3.204100000e+02 4.781965569e+00
3.240000000e+02 4.783840000e+00
3.276100000e+02 4.785712160e+00
3.312400000e+02 4.787587933e+00
3.348900000e+02 4.789470043e+00
3.385600000e+02 4.791356817e+00
3.422500000e+02 4.793243066e+00
3.459600000e+02 4.795122883e+00
3.496900000e+02 4.796992646e+00
3.534400000e+02 4.798852271e+00
3.572100000e+02 4.800705197e+00
3.610000000e+02 4.802556560e+00
3.648100000e+02 4.804410599e+00
3.686400000e+02 4.806269257e+00
3.724900000e+02 4.808131392e+00
3.763600000e+02 4.809993463e+00
3.802500000e+02 4.811851729e+00
3.841600000e+02 4.813702834e+00
3.880900000e+02 4.815545605e+00
3.920400000e+02 4.817380905e+00
3.960100000e+02 4.819211408e+00
4.000000000e+02 4.821039991e+00
4.040100000e+02 4.822869583e+00
4.080400000e+02 4.824701949e+00
4.120900000e+02 4.826537438e+00
4.161600000e+02 4.828374762e+00
4.202500000e+02 4.830211095e+00
4.243600000e+02 4.832042985e+00
4.284900000e+02 4.833867227e+00
4.326400000e+02 4.835681803e+00
4.368100000e+02 4.837486989e+00
4.410000000e+02 4.839285738e+00
4.452100000e+02 4.841082879e+00
4.494400000e+02 4.842883599e+00
4.536900000e+02 4.844691869e+00
4.579600000e+02 4.846508330e+00
4.622500000e+02 4.848329793e+00
4.665600000e+02 4.850149943e+00
4.708900000e+02 4.851961096e+00
4.752400000e+02 4.853757163e+00
4.796100000e+02 4.855536235e+00
4.840000000e+02 4.857301541e+00
4.884100000e+02 4.859061012e+00
4.928400000e+02 4.860824632e+00
4.972900000e+02 4.862601022e+00
5.017600000e+02 4.864394247e+00
5.062500000e+02 4.866201586e+00
5.107600000e+02 4.868014222e+00
5.152900000e+02 4.869820202e+00
5.198400000e+02 4.871607632e+00
5.244100000e+02 4.873369853e+00
5.290000000e+02 4.875107407e+00
5.336100000e+02 4.876828982e+00
5.382400000e+02 4.878548135e+00
5.428900000e+02 4.880279647e+00
5.475600000e+02 4.882034304e+00
5.522500000e+02 4.883814882e+00
5.569600000e+02 4.885615040e+00
5.616900000e+02 4.887420865e+00
5.664400000e+02 4.889215073e+00
5.712100000e+02 4.890982517e+00
5.760000000e+02 4.892715408e+00
5.808100000e+02 4.894415562e+00
5.856400000e+02 4.896094787e+00
5.904900000e+02 4.897771043e+00
5.953600000e+02 4.899463406e+00
6.002500000e+02 4.901186261e+00
6.051600000e+02 4.902944152e+00
6.100900000e+02 4.904730942e+00
6.150400000e+02 4.906530529e+00
6.200100000e+02 4.908321988e+00
6.250000000e+02 4.910085120e+00
6.300100000e+02 4.911807203e+00
6.350400000e+02 4.913486258e+00
6.400900000e+02 4.915132092e+00
6.451600000e+02 4.916763635e+00
6.502500000e+02 4.918403647e+00
6.553600000e+02 4.920072841e+00
6.604900000e+02 4.921783177e+00
6.656400000e+02 4.923535594e+00
6.708100000e+02 4.925318326e+00
6.760000000e+02 4.927110383e+00
6.812100000e+02 4.928887426e+00
6.864400000e+02 4.930627850e+00
6.916900000e+02 4.932319214e+00
6.969600000e+02 4.933961202e+00
7.022500000e+02 4.935565924e+00
7.075600000e+02 4.937154804e+00
7.128900000e+02 4.938752924e+00
7.182400000e+02 4.940382925e+00
7.236100000e+02 4.942059493e+00
7.290000000e+02 4.943785119e+00
7.344100000e+02 4.945549334e+00
7.398400000e+02 4.947330787e+00
7.452900000e+02 4.949104102e+00
7.507600000e+02 4.950843679e+00
7.562500000e+02 4.952532859e+00
7.617600000e+02 4.954166025e+00
7.672900000e+02 4.955750618e+00
7.728400000e+02 4.957305297e+00
7.784100000e+02 4.958854875e+00
7.840000000e+02 4.960425275e+00
7.896100000e+02 4.962037050e+00
7.952400000e+02 4.963701836e+00
8.008900000e+02 4.965417922e+00
8.065600000e+02 4.967171821e+00
8.122500000e+02 4.968940121e+00
8.179600000e+02 4.970695342e+00
8.236900000e+02 4.972413189e+00
8.294400000e+02 4.974077008e+00
8.352100000e+02 4.975681658e+00
8.410000000e+02 4.977235321e+00
8.468100000e+02 4.978755790e+00
8.526400000e+02 4.980267503e+00
8.584900000e+02 4.981796210e+00
8.643600000e+02 4.983363705e+00
8.702500000e+02 4.984984273e+00
8.761600000e+02 4.986659706e+00
8.820900000e+02 4.988381025e+00
8.880400000e+02 4.990127600e+00
8.940100000e+02 4.991873881e+00
