0.000000000e+00 -5.421576797e-32
1.000000000e-02 5.352728401e-04
4.000000000e-02 8.246213923e-03
9.000000000e-02 3.925517089e-02
1.600000000e-01 1.141790187e-01
2.500000000e-01 2.517648869e-01
3.600000000e-01 4.641241787e-01
4.900000000e-01 7.547918047e-01
6.400000000e-01 1.119417958e+00
8.100000000e-01 1.548041104e+00
1.000000000e+00 2.027770506e+00
1.210000000e+00 2.545064059e+00
1.440000000e+00 3.087264527e+00
1.690000000e+00 3.643417650e+00
1.960000000e+00 4.204565972e+00
2.250000000e+00 4.763729166e+00
2.560000000e+00 5.315722135e+00
2.890000000e+00 5.856894159e+00
3.240000000e+00 6.384831737e+00
3.610000000e+00 6.898057354e+00
4.000000000e+00 7.395758890e+00
4.410000000e+00 7.877580400e+00
4.840000000e+00 8.343486750e+00
5.290000000e+00 8.793688823e+00
5.760000000e+00 9.228597643e+00
6.250000000e+00 9.648775872e+00
6.760000000e+00 1.005487311e+01
7.290000000e+00 1.044755516e+01
7.840000000e+00 1.082745130e+01
8.410000000e+00 1.119513855e+01
9.000000000e+00 1.155116254e+01
9.610000000e+00 1.189607325e+01
1.024000000e+01 1.223044663e+01
1.089000000e+01 1.255487388e+01
1.156000000e+01 1.286992326e+01
1.225000000e+01 1.317609824e+01
1.296000000e+01 1.347381979e+01
1.369000000e+01 1.376344488e+01
1.444000000e+01 1.404530986e+01
1.521000000e+01 1.431977102e+01
1.600000000e+01 1.458721611e+01
1.681000000e+01 1.484803984e+01
1.764000000e+01 1.510260016e+01
1.849000000e+01 1.535118523e+01
1.936000000e+01 1.559401412e+01
2.025000000e+01 1.583127224e+01
2.116000000e+01 1.606315916e+01
2.209000000e+01 1.628991765e+01
2.304000000e+01 1.651182480e+01
2.401000000e+01 1.672915086e+01
2.500000000e+01 1.694211327e+01
2.601000000e+01 1.715085697e+01
2.704000000e+01 1.735547563e+01
2.809000000e+01 1.755606101e+01
2.916000000e+01 1.775274896e+01
3.025000000e+01 1.794573153e+01
3.136000000e+01 1.813522663e+01
3.249000000e+01 1.832142434e+01
3.364000000e+01 1.850444520e+01
3.481000000e+01 1.868433821e+01
3.600000000e+01 1.886112112e+01
3.721000000e+01 1.903483729e+01
3.844000000e+01 1.920559259e+01
3.969000000e+01 1.937354850e+01
4.096000000e+01 1.953887637e+01
4.225000000e+01 1.970170342e+01
4.356000000e+01 1.986208659e+01
4.489000000e+01 2.002003125e+01
4.624000000e+01 2.017554214e+01
4.761000000e+01 2.032867183e+01
4.900000000e+01 2.047953411e+01
5.041000000e+01 2.062827335e+01
5.184000000e+01 2.077501064e+01
5.329000000e+01 2.091980331e+01
5.476000000e+01 2.106264506e+01
5.625000000e+01 2.120350699e+01
5.776000000e+01 2.134239214e+01
5.929000000e+01 2.147936771e+01
6.084000000e+01 2.161455403e+01
6.241000000e+01 2.174807828e+01
6.400000000e+01 2.188002355e+01
6.561000000e+01 2.201040612e+01
6.724000000e+01 2.213919440e+01
6.889000000e+01 2.226635559e+01
7.056000000e+01 2.239189890e+01
7.225000000e+01 2.251588813e+01
7.396000000e+01 2.263841763e+01
7.569000000e+01 2.275956960e+01
7.744000000e+01 2.287938178e+01
7.921000000e+01 2.299784605e+01
8.100000000e+01 2.311493732e+01
8.281000000e+01 2.323065202e+01
8.464000000e+01 2.334503081e+01
8.649000000e+01 2.345815174e+01
8.836000000e+01 2.357009995e+01
9.025000000e+01 2.368093464e+01
9.216000000e+01 2.379067448e+01
9.409000000e+01 2.389930972e+01
9.604000000e+01 2.400683129e+01
9.801000000e+01 2.411325676e+01
1.000000000e+02 2.421863647e+01
1.020100000e+02 2.432303630e+01
1.040400000e+02 2.442650982e+01
1.060900000e+02 2.452907772e+01
1.081600000e+02 2.463072717e+01
1.102500000e+02 2.473143067e+01
1.123600000e+02 2.483117232e+01
1.144900000e+02 2.492996574e+01
1.166400000e+02 2.502785403e+01
1.188100000e+02 2.512489324e+01
1.210000000e+02 2.522113092e+01
1.232100000e+02 2.531659268e+01
1.254400000e+02 2.541128376e+01
1.276900000e+02 2.550520145e+01
1.299600000e+02 2.559834796e+01
1.322500000e+02 2.569073437e+01
1.345600000e+02 2.578237335e+01
1.368900000e+02 2.587326644e+01
1.392400000e+02 2.596339506e+01
1.416100000e+02 2.605272161e+01
1.440000000e+02 2.614120123e+01
1.464100000e+02 2.622879872e+01
1.488400000e+02 2.631550308e+01
1.512900000e+02 2.640133324e+01
1.537600000e+02 2.648633359e+01
1.562500000e+02 2.657056295e+01
1.587600000e+02 2.665408275e+01
1.612900000e+02 2.673695019e+01
1.638400000e+02 2.681921710e+01
1.664100000e+02 2.690093132e+01
1.690000000e+02 2.698213621e+01
1.716100000e+02 2.706286524e+01
1.742400000e+02 2.714313448e+01
1.768900000e+02 2.722293709e+01
1.795600000e+02 2.730224429e+01
1.822500000e+02 2.738101320e+01
1.849600000e+02 2.745919812e+01
1.876900000e+02 2.753676072e+01
1.904400000e+02 2.761367564e+01
1.932100000e+02 2.768993203e+01
1.960000000e+02 2.776553248e+01
1.988100000e+02 2.784049197e+01
2.016400000e+02 2.791483694e+01
2.044900000e+02 2.798860395e+01
2.073600000e+02 2.806183673e+01
2.102500000e+02 2.813458155e+01
2.131600000e+02 2.820688211e+01
2.160900000e+02 2.827877524e+01
2.190400000e+02 2.835028815e+01
2.220100000e+02 2.842143711e+01
2.250000000e+02 2.849222720e+01
2.280100000e+02 2.856265299e+01
2.310400000e+02 2.863270025e+01
2.340900000e+02 2.870234926e+01
2.371600000e+02 2.877157919e+01
2.402500000e+02 2.884037233e+01
2.433600000e+02 2.890871704e+01
2.464900000e+02 2.897660840e+01
2.496400000e+02 2.904404738e+01
2.528100000e+02 2.911103969e+01
2.560000000e+02 2.917759568e+01
2.592100000e+02 2.924373171e+01
2.624400000e+02 2.930947162e+01
2.656900000e+02 2.937484714e+01
2.689600000e+02 2.943989536e+01
2.722500000e+02 2.950465391e+01
2.755600000e+02 2.956915490e+01
2.788900000e+02 2.963341984e+01
2.822400000e+02 2.969745658e+01
2.856100000e+02 2.976125881e+01
2.890000000e+02 2.982480683e+01
2.924100000e+02 2.988806859e+01
2.958400000e+02 2.995100090e+01
2.992900000e+02 3.001355109e+01
3.027600000e+02 3.007566046e+01
3.062500000e+02 3.013727037e+01
3.097600000e+02 3.019833031e+01
3.132900000e+02 3.025880637e+01
3.168400000e+02 3.031868765e+01
3.204100000e+02 3.037798893e+01
3.240000000e+02 3.043674912e+01
3.276100000e+02 3.049502634e+01
3.312400000e+02 3.055289130e+01
3.348900000e+02 3.061042052e+01
3.385600000e+02 3.066768989e+01
3.422500000e+02 3.072476924e+01
3.459600000e+02 3.078171699e+01
3.496900000e+02 3.083857565e+01
3.534400000e+02 3.089536802e+01
3.572100000e+02 3.095209540e+01
3.610000000e+02 3.100873803e+01
3.648100000e+02 3.106525568e+01
3.686400000e+02 3.112159483e+01
3.724900000e+02 3.117769025e+01
3.763600000e+02 3.123347244e+01
3.802500000e+02 3.128887470e+01
3.841600000e+02 3.134383847e+01
3.880900000e+02 3.139832386e+01
3.920400000e+02 3.145231182e+01
3.960100000e+02 3.150580796e+01
4.000000000e+02 3.155884116e+01
4.040100000e+02 3.161145951e+01
4.080400000e+02 3.166372510e+01
4.120900000e+02 3.171571014e+01
4.161600000e+02 3.176749478e+01
4.202500000e+02 3.181916544e+01
4.243600000e+02 3.187081184e+01
4.284900000e+02 3.192251947e+01
4.326400000e+02 3.197435986e+01
4.368100000e+02 3.202637654e+01
4.410000000e+02 3.207857985e+01
4.452100000e+02 3.213094074e+01
4.494400000e+02 3.218339717e+01
4.536900000e+02 3.223586315e+01
4.579600000e+02 3.228823764e+01
4.622500000e+02 3.234041034e+01
4.665600000e+02 3.239226322e+01
4.708900000e+02 3.244367132e+01
4.752400000e+02 3.249450721e+01
4.796100000e+02 3.254465040e+01
4.840000000e+02 3.259400083e+01
4.884100000e+02 3.264249128e+01
4.928400000e+02 3.269009473e+01
4.972900000e+02 3.273682212e+01
5.017600000e+02 3.278271948e+01
5.062500000e+02 3.282785782e+01
5.107600000e+02 3.287232921e+01
5.152900000e+02 3.291625002e+01
5.198400000e+02 3.295975635e+01
5.244100000e+02 3.300300520e+01
5.290000000e+02 3.304616054e+01
5.336100000e+02 3.308938044e+01
5.382400000e+02 3.313280288e+01
5.428900000e+02 3.317653918e+01
5.475600000e+02 3.322067538e+01
5.522500000e+02 3.326527868e+01
5.569600000e+02 3.331040159e+01
5.616900000e+02 3.335608460e+01
5.664400000e+02 3.340234560e+01
5.712100000e+02 3.344917071e+01
5.760000000e+02 3.349651118e+01
5.808100000e+02 3.354428169e+01
5.856400000e+02 3.359237212e+01
5.904900000e+02 3.364065951e+01
5.953600000e+02 3.368901801e+01
6.002500000e+02 3.373732242e+01
6.051600000e+02 3.378544619e+01
6.100900000e+02 3.383325895e+01
6.150400000e+02 3.388062906e+01
6.200100000e+02 3.392743205e+01
6.250000000e+02 3.397356445e+01
6.300100000e+02 3.401895405e+01
6.350400000e+02 3.406356517e+01
6.400900000e+02 3.410739494e+01
6.451600000e+02 3.415046662e+01
6.502500000e+02 3.419282329e+01
6.553600000e+02 3.423452627e+01
6.604900000e+02 3.427565677e+01
6.656400000e+02 3.431631760e+01
6.708100000e+02 3.435663081e+01
6.760000000e+02 3.439672820e+01
6.812100000e+02 3.443673727e+01
6.864400000e+02 3.447676764e+01
6.916900000e+02 3.451690131e+01
6.969600000e+02 3.455718948e+01
7.022500000e+02 3.459765613e+01
7.075600000e+02 3.463830242e+01
7.128900000e+02 3.467911087e+01
7.182400000e+02 3.472004601e+01
7.236100000e+02 3.476105417e+01
7.290000000e+02 3.480206428e+01
7.344100000e+02 3.484299274e+01
7.398400000e+02 3.488375272e+01
7.452900000e+02 3.492426477e+01
7.507600000e+02 3.496446593e+01
7.562500000e+02 3.500431350e+01
7.617600000e+02 3.504378436e+01
7.672900000e+02 3.508287123e+01
7.728400000e+02 3.512157936e+01
7.784100000e+02 3.515992543e+01
7.840000000e+02 3.519793909e+01
7.896100000e+02 3.523566333e+01
7.952400000e+02 3.527315302e+01
8.008900000e+02 3.531046890e+01
8.065600000e+02 3.534767003e+01
8.122500000e+02 3.538480609e+01
8.179600000e+02 3.542191324e+01
8.236900000e+02 3.545901321e+01
8.294400000e+02 3.549611515e+01
8.352100000e+02 3.553321801e+01
8.410000000e+02 3.557031255e+01
8.468100000e+02 3.560738149e+01
8.526400000e+02 3.564440049e+01
8.584900000e+02 3.568134013e+01
8.643600000e+02 3.571816913e+01
8.702500000e+02 3.575485992e+01
8.761600000e+02 3.579139284e+01
8.820900000e+02 3.582775991e+01
8.880400000e+02 3.586396528e+01
8.940100000e+02 3.590002446e+01
