1.000000000e+00 2.597094128e+00
1.020100000e+00 2.683304408e+00
1.040400000e+00 2.770941190e+00
1.060900000e+00 2.859994428e+00
1.081600000e+00 2.950453748e+00
1.102500000e+00 3.042308463e+00
1.123600000e+00 3.135547598e+00
1.144900000e+00 3.230159905e+00
1.166400000e+00 3.326133886e+00
1.188100000e+00 3.423457803e+00
1.210000000e+00 3.522119705e+00
1.232100000e+00 3.622107437e+00
1.254400000e+00 3.723408659e+00
1.276900000e+00 3.826010863e+00
1.299600000e+00 3.929901386e+00
1.322500000e+00 4.035067427e+00
1.345600000e+00 4.141496057e+00
1.368900000e+00 4.249174235e+00
1.392400000e+00 4.358088824e+00
1.416100000e+00 4.468226595e+00
1.440000000e+00 4.579574248e+00
1.464100000e+00 4.692118419e+00
1.488400000e+00 4.805845689e+00
1.512900000e+00 4.920742598e+00
1.537600000e+00 5.036795653e+00
1.562500000e+00 5.153991341e+00
1.587600000e+00 5.272316130e+00
1.612900000e+00 5.391756488e+00
1.638400000e+00 5.512298881e+00
1.664100000e+00 5.633929788e+00
1.690000000e+00 5.756635708e+00
1.716100000e+00 5.880403160e+00
1.742400000e+00 6.005218700e+00
1.768900000e+00 6.131068917e+00
1.795600000e+00 6.257940447e+00
1.822500000e+00 6.385819974e+00
1.849600000e+00 6.514694238e+00
1.876900000e+00 6.644550037e+00
1.904400000e+00 6.775374235e+00
1.932100000e+00 6.907153764e+00
1.960000000e+00 7.039875629e+00
1.988100000e+00 7.173526912e+00
2.016400000e+00 7.308094778e+00
2.044900000e+00 7.443566474e+00
2.073600000e+00 7.579929329e+00
2.102500000e+00 7.717170775e+00
2.131600000e+00 7.855278329e+00
2.160900000e+00 7.994239604e+00
2.190400000e+00 8.134042313e+00
2.220100000e+00 8.274674270e+00
2.250000000e+00 8.416123392e+00
2.280100000e+00 8.558377700e+00
2.310400000e+00 8.701425322e+00
2.340900000e+00 8.845254494e+00
2.371600000e+00 8.989853562e+00
2.402500000e+00 9.135210983e+00
2.433600000e+00 9.281315328e+00
2.464900000e+00 9.428155278e+00
2.496400000e+00 9.575719631e+00
2.528100000e+00 9.723997301e+00
2.560000000e+00 9.872977315e+00
2.592100000e+00 1.002264882e+01
2.624400000e+00 1.017300107e+01
2.656900000e+00 1.032402346e+01
2.689600000e+00 1.047570548e+01
2.722500000e+00 1.062803674e+01
2.755600000e+00 1.078100698e+01
2.788900000e+00 1.093460604e+01
2.822400000e+00 1.108882390e+01
2.856100000e+00 1.124365065e+01
2.890000000e+00 1.139907648e+01
2.924100000e+00 1.155509171e+01
2.958400000e+00 1.171168679e+01
2.992900000e+00 1.186885226e+01
3.027600000e+00 1.202657880e+01
3.062500000e+00 1.218485717e+01
3.097600000e+00 1.234367829e+01
3.132900000e+00 1.250303315e+01
3.168400000e+00 1.266291287e+01
3.204100000e+00 1.282330870e+01
3.240000000e+00 1.298421197e+01
3.276100000e+00 1.314561413e+01
3.312400000e+00 1.330750674e+01
3.348900000e+00 1.346988147e+01
3.385600000e+00 1.363273009e+01
3.422500000e+00 1.379604449e+01
3.459600000e+00 1.395981665e+01
3.496900000e+00 1.412403864e+01
3.534400000e+00 1.428870267e+01
3.572100000e+00 1.445380102e+01
3.610000000e+00 1.461932609e+01
3.648100000e+00 1.478527035e+01
3.686400000e+00 1.495162641e+01
3.724900000e+00 1.511838694e+01
3.763600000e+00 1.528554473e+01
3.802500000e+00 1.545309265e+01
3.841600000e+00 1.562102368e+01
3.880900000e+00 1.578933087e+01
3.920400000e+00 1.595800738e+01
3.960100000e+00 1.612704646e+01
4.000000000e+00 1.629644145e+01
4.040100000e+00 1.646618578e+01
4.080400000e+00 1.663627295e+01
4.120900000e+00 1.680669659e+01
4.161600000e+00 1.697745036e+01
4.202500000e+00 1.714852806e+01
4.243600000e+00 1.731992355e+01
4.284900000e+00 1.749163077e+01
4.326400000e+00 1.766364376e+01
4.368100000e+00 1.783595662e+01
4.410000000e+00 1.800856356e+01
4.452100000e+00 1.818145885e+01
4.494400000e+00 1.835463685e+01
4.536900000e+00 1.852809200e+01
4.579600000e+00 1.870181882e+01
4.622500000e+00 1.887581189e+01
4.665600000e+00 1.905006588e+01
4.708900000e+00 1.922457556e+01
4.752400000e+00 1.939933573e+01
4.796100000e+00 1.957434130e+01
4.840000000e+00 1.974958724e+01
4.884100000e+00 1.992506859e+01
4.928400000e+00 2.010078044e+01
4.972900000e+00 2.027671802e+01
5.017600000e+00 2.045287655e+01
5.062500000e+00 2.062925137e+01
5.107600000e+00 2.080583786e+01
5.152900000e+00 2.098263149e+01
5.198400000e+00 2.115962777e+01
5.244100000e+00 2.133682229e+01
5.290000000e+00 2.151421070e+01
5.336100000e+00 2.169178871e+01
5.382400000e+00 2.186955210e+01
5.428900000e+00 2.204749671e+01
5.475600000e+00 2.222561842e+01
5.522500000e+00 2.240391319e+01
5.569600000e+00 2.258237704e+01
5.616900000e+00 2.276100602e+01
5.664400000e+00 2.293979625e+01
5.712100000e+00 2.311874393e+01
5.760000000e+00 2.329784527e+01
5.808100000e+00 2.347709656e+01
5.856400000e+00 2.365649414e+01
5.904900000e+00 2.383603440e+01
5.953600000e+00 2.401571377e+01
6.002500000e+00 2.419552874e+01
6.051600000e+00 2.437547586e+01
6.100900000e+00 2.455555171e+01
6.150400000e+00 2.473575291e+01
6.200100000e+00 2.491607617e+01
6.250000000e+00 2.509651820e+01
6.300100000e+00 2.527707578e+01
6.350400000e+00 2.545774574e+01
6.400900000e+00 2.563852494e+01
6.451600000e+00 2.581941030e+01
6.502500000e+00 2.600039877e+01
6.553600000e+00 2.618148736e+01
6.604900000e+00 2.636267311e+01
6.656400000e+00 2.654395311e+01
6.708100000e+00 2.672532450e+01
6.760000000e+00 2.690678445e+01
6.812100000e+00 2.708833018e+01
6.864400000e+00 2.726995895e+01
6.916900000e+00 2.745166807e+01
6.969600000e+00 2.763345488e+01
7.022500000e+00 2.781531677e+01
7.075600000e+00 2.799725116e+01
7.128900000e+00 2.817925552e+01
7.182400000e+00 2.836132735e+01
7.236100000e+00 2.854346422e+01
7.290000000e+00 2.872566369e+01
7.344100000e+00 2.890792340e+01
7.398400000e+00 2.909024100e+01
7.452900000e+00 2.927261421e+01
7.507600000e+00 2.945504076e+01
7.562500000e+00 2.963751841e+01
7.617600000e+00 2.982004499e+01
7.672900000e+00 3.000261834e+01
7.728400000e+00 3.018523634e+01
7.784100000e+00 3.036789691e+01
7.840000000e+00 3.055059800e+01
7.896100000e+00 3.073333758e+01
7.952400000e+00 3.091611367e+01
8.008900000e+00 3.109892432e+01
8.065600000e+00 3.128176761e+01
8.122500000e+00 3.146464164e+01
8.179600000e+00 3.164754455e+01
8.236900000e+00 3.183047451e+01
8.294400000e+00 3.201342971e+01
8.352100000e+00 3.219640837e+01
8.410000000e+00 3.237940874e+01
8.468100000e+00 3.256242911e+01
8.526400000e+00 3.274546776e+01
8.584900000e+00 3.292852303e+01
8.643600000e+00 3.311159327e+01
8.702500000e+00 3.329467685e+01
8.761600000e+00 3.347777217e+01
8.820900000e+00 3.366087767e+01
8.880400000e+00 3.384399177e+01
8.940100000e+00 3.402711296e+01
9.000000000e+00 3.421023972e+01
9.060100000e+00 3.439337056e+01
9.120400000e+00 3.457650403e+01
9.180900000e+00 3.475963866e+01
9.241600000e+00 3.494277304e+01
9.302500000e+00 3.512590577e+01
9.363600000e+00 3.530903546e+01
9.424900000e+00 3.549216074e+01
9.486400000e+00 3.567528028e+01
9.548100000e+00 3.585839275e+01
9.610000000e+00 3.604149685e+01
9.672100000e+00 3.622459129e+01
9.734400000e+00 3.640767481e+01
9.796900000e+00 3.659074617e+01
9.859600000e+00 3.677380412e+01
9.922500000e+00 3.695684748e+01
9.985600000e+00 3.713987505e+01
1.004890000e+01 3.732288566e+01
1.011240000e+01 3.750587816e+01
1.017610000e+01 3.768885140e+01
1.024000000e+01 3.787180429e+01
1.030410000e+01 3.805473572e+01
1.036840000e+01 3.823764460e+01
1.043290000e+01 3.842052989e+01
1.049760000e+01 3.860339052e+01
1.056250000e+01 3.878622546e+01
1.062760000e+01 3.896903372e+01
1.069290000e+01 3.915181428e+01
1.075840000e+01 3.933456616e+01
1.082410000e+01 3.951728839e+01
1.089000000e+01 3.969998003e+01
1.095610000e+01 3.988264012e+01
1.102240000e+01 4.006526775e+01
1.108890000e+01 4.024786200e+01
1.115560000e+01 4.043042197e+01
1.122250000e+01 4.061294677e+01
1.128960000e+01 4.079543553e+01
1.135690000e+01 4.097788736e+01
1.142440000e+01 4.116030143e+01
1.149210000e+01 4.134267688e+01
1.156000000e+01 4.152501287e+01
1.162810000e+01 4.170730858e+01
1.169640000e+01 4.188956318e+01
1.176490000e+01 4.207177586e+01
1.183360000e+01 4.225394581e+01
1.190250000e+01 4.243607225e+01
1.197160000e+01 4.261815436e+01
1.204090000e+01 4.280019137e+01
1.211040000e+01 4.298218249e+01
1.218010000e+01 4.316412696e+01
1.225000000e+01 4.334602399e+01
1.232010000e+01 4.352787282e+01
1.239040000e+01 4.370967269e+01
1.246090000e+01 4.389142285e+01
1.253160000e+01 4.407312253e+01
1.260250000e+01 4.425477099e+01
1.267360000e+01 4.443636749e+01
1.274490000e+01 4.461791127e+01
1.281640000e+01 4.479940161e+01
1.288810000e+01 4.498083777e+01
1.296000000e+01 4.516221902e+01
1.303210000e+01 4.534354462e+01
1.310440000e+01 4.552481386e+01
1.317690000e+01 4.570602603e+01
1.324960000e+01 4.588718039e+01
1.332250000e+01 4.606827624e+01
1.339560000e+01 4.624931288e+01
1.346890000e+01 4.643028959e+01
1.354240000e+01 4.661120570e+01
1.361610000e+01 4.679206048e+01
1.369000000e+01 4.697285326e+01
1.376410000e+01 4.715358336e+01
1.383840000e+01 4.733425008e+01
1.391290000e+01 4.751485275e+01
1.398760000e+01 4.769539071e+01
1.406250000e+01 4.787586328e+01
1.413760000e+01 4.805626980e+01
1.421290000e+01 4.823660962e+01
1.428840000e+01 4.841688208e+01
1.436410000e+01 4.859708653e+01
1.444000000e+01 4.877722233e+01
1.451610000e+01 4.895728883e+01
1.459240000e+01 4.913728542e+01
1.466890000e+01 4.931721144e+01
1.474560000e+01 4.949706628e+01
1.482250000e+01 4.967684932e+01
1.489960000e+01 4.985655992e+01
1.497690000e+01 5.003619748e+01
1.505440000e+01 5.021576138e+01
1.513210000e+01 5.039525102e+01
1.521000000e+01 5.057466577e+01
1.528810000e+01 5.075400505e+01
1.536640000e+01 5.093326825e+01
1.544490000e+01 5.111245476e+01
1.552360000e+01 5.129156399e+01
1.560250000e+01 5.147059534e+01
1.568160000e+01 5.164954822e+01
1.576090000e+01 5.182842203e+01
1.584040000e+01 5.200721618e+01
1.592010000e+01 5.218593008e+01
1.600000000e+01 5.236456314e+01
1.608010000e+01 5.254311477e+01
1.616040000e+01 5.272158439e+01
1.624090000e+01 5.289997140e+01
1.632160000e+01 5.307827522e+01
1.640250000e+01 5.325649528e+01
1.648360000e+01 5.343463098e+01
1.656490000e+01 5.361268175e+01
1.664640000e+01 5.379064700e+01
1.672810000e+01 5.396852617e+01
1.681000000e+01 5.414631867e+01
1.689210000e+01 5.432402394e+01
1.697440000e+01 5.450164140e+01
1.705690000e+01 5.467917049e+01
1.713960000e+01 5.485661065e+01
1.722250000e+01 5.503396132e+01
1.730560000e+01 5.521122194e+01
1.738890000e+01 5.538839197e+01
1.747240000e+01 5.556547087e+01
1.755610000e+01 5.574245808e+01
1.764000000e+01 5.591935309e+01
1.772410000e+01 5.609615537e+01
1.780840000e+01 5.627286439e+01
1.789290000e+01 5.644947965e+01
1.797760000e+01 5.662600064e+01
1.806250000e+01 5.680242688e+01
1.814760000e+01 5.697875786e+01
1.823290000e+01 5.715499312e+01
1.831840000e+01 5.733113219e+01
1.840410000e+01 5.750717461e+01
1.849000000e+01 5.768311993e+01
1.857610000e+01 5.785896771e+01
1.866240000e+01 5.803471753e+01
1.874890000e+01 5.821036898e+01
1.883560000e+01 5.838592164e+01
1.892250000e+01 5.856137512e+01
1.900960000e+01 5.873672905e+01
1.909690000e+01 5.891198306e+01
1.918440000e+01 5.908713678e+01
1.927210000e+01 5.926218987e+01
1.936000000e+01 5.943714200e+01
1.944810000e+01 5.961199284e+01
1.953640000e+01 5.978674210e+01
1.962490000e+01 5.996138947e+01
1.971360000e+01 6.013593466e+01
1.980250000e+01 6.031037741e+01
1.989160000e+01 6.048471747e+01
1.998090000e+01 6.065895457e+01
2.007040000e+01 6.083308850e+01
2.016010000e+01 6.100711902e+01
2.025000000e+01 6.118104593e+01
2.034010000e+01 6.135486903e+01
2.043040000e+01 6.152858814e+01
2.052090000e+01 6.170220309e+01
2.061160000e+01 6.187571372e+01
2.070250000e+01 6.204911988e+01
2.079360000e+01 6.222242144e+01
2.088490000e+01 6.239561829e+01
2.097640000e+01 6.256871030e+01
2.106810000e+01 6.274169740e+01
2.116000000e+01 6.291457949e+01
2.125210000e+01 6.308735651e+01
2.134440000e+01 6.326002841e+01
2.143690000e+01 6.343259513e+01
2.152960000e+01 6.360505667e+01
2.162250000e+01 6.377741300e+01
2.171560000e+01 6.394966412e+01
2.180890000e+01 6.412181005e+01
2.190240000e+01 6.429385081e+01
2.199610000e+01 6.446578646e+01
2.209000000e+01 6.463761705e+01
2.218410000e+01 6.480934265e+01
2.227840000e+01 6.498096335e+01
2.237290000e+01 6.515247926e+01
2.246760000e+01 6.532389050e+01
2.256250000e+01 6.549519720e+01
2.265760000e+01 6.566639952e+01
2.275290000e+01 6.583749762e+01
2.284840000e+01 6.600849169e+01
2.294410000e+01 6.617938193e+01
2.304000000e+01 6.635016855e+01
2.313610000e+01 6.652085179e+01
2.323240000e+01 6.669143190e+01
2.332890000e+01 6.686190914e+01
2.342560000e+01 6.703228380e+01
2.352250000e+01 6.720255618e+01
2.361960000e+01 6.737272658e+01
2.371690000e+01 6.754279534e+01
2.381440000e+01 6.771276282e+01
2.391210000e+01 6.788262936e+01
2.401000000e+01 6.805239535e+01
2.410810000e+01 6.822206118e+01
2.420640000e+01 6.839162726e+01
2.430490000e+01 6.856109401e+01
2.440360000e+01 6.873046187e+01
2.450250000e+01 6.889973128e+01
2.460160000e+01 6.906890271e+01
2.470090000e+01 6.923797663e+01
2.480040000e+01 6.940695354e+01
2.490010000e+01 6.957583393e+01
2.500000000e+01 6.974461832e+01
2.510010000e+01 6.991330722e+01
2.520040000e+01 7.008190116e+01
2.530090000e+01 7.025040070e+01
2.540160000e+01 7.041880638e+01
2.550250000e+01 7.058711876e+01
2.560360000e+01 7.075533840e+01
2.570490000e+01 7.092346589e+01
2.580640000e+01 7.109150180e+01
2.590810000e+01 7.125944672e+01
2.601000000e+01 7.142730124e+01
2.611210000e+01 7.159506597e+01
2.621440000e+01 7.176274151e+01
2.631690000e+01 7.193032846e+01
2.641960000e+01 7.209782744e+01
2.652250000e+01 7.226523905e+01
2.662560000e+01 7.243256392e+01
2.672890000e+01 7.259980266e+01
2.683240000e+01 7.276695589e+01
2.693610000e+01 7.293402424e+01
2.704000000e+01 7.310100831e+01
2.714410000e+01 7.326790873e+01
2.724840000e+01 7.343472615e+01
2.735290000e+01 7.360146116e+01
2.745760000e+01 7.376811436e+01
2.756250000e+01 7.393468639e+01
2.766760000e+01 7.410117787e+01
2.777290000e+01 7.426758941e+01
2.787840000e+01 7.443392161e+01
2.798410000e+01 7.460017507e+01
2.809000000e+01 7.476635040e+01
2.819610000e+01 7.493244820e+01
2.830240000e+01 7.509846905e+01
2.840890000e+01 7.526441356e+01
2.851560000e+01 7.543028228e+01
2.862250000e+01 7.559607581e+01
2.872960000e+01 7.576179470e+01
2.883690000e+01 7.592743954e+01
2.894440000e+01 7.609301086e+01
2.905210000e+01 7.625850921e+01
2.916000000e+01 7.642393514e+01
2.926810000e+01 7.658928917e+01
2.937640000e+01 7.675457182e+01
2.948490000e+01 7.691978360e+01
2.959360000e+01 7.708492502e+01
2.970250000e+01 7.724999655e+01
2.981160000e+01 7.741499868e+01
2.992090000e+01 7.757993188e+01
3.003040000e+01 7.774479659e+01
3.014010000e+01 7.790959325e+01
3.025000000e+01 7.807432230e+01
3.036010000e+01 7.823898413e+01
3.047040000e+01 7.840357915e+01
3.058090000e+01 7.856810773e+01
3.069160000e+01 7.873257025e+01
3.080250000e+01 7.889696705e+01
3.091360000e+01 7.906129846e+01
3.102490000e+01 7.922556479e+01
3.113640000e+01 7.938976634e+01
3.124810000e+01 7.955390339e+01
3.136000000e+01 7.971797619e+01
3.147210000e+01 7.988198498e+01
3.158440000e+01 8.004592997e+01
3.169690000e+01 8.020981138e+01
3.180960000e+01 8.037362936e+01
3.192250000e+01 8.053738408e+01
3.203560000e+01 8.070107568e+01
3.214890000e+01 8.086470426e+01
3.226240000e+01 8.102826993e+01
3.237610000e+01 8.119177274e+01
3.249000000e+01 8.135521275e+01
3.260410000e+01 8.151858998e+01
3.271840000e+01 8.168190444e+01
3.283290000e+01 8.184515610e+01
3.294760000e+01 8.200834494e+01
3.306250000e+01 8.217147088e+01
3.317760000e+01 8.233453385e+01
3.329290000e+01 8.249753373e+01
3.340840000e+01 8.266047041e+01
3.352410000e+01 8.282334374e+01
3.364000000e+01 8.298615353e+01
3.375610000e+01 8.314889962e+01
3.387240000e+01 8.331158179e+01
3.398890000e+01 8.347419982e+01
3.410560000e+01 8.363675345e+01
3.422250000e+01 8.379924242e+01
3.433960000e+01 8.396166645e+01
3.445690000e+01 8.412402524e+01
3.457440000e+01 8.428631845e+01
3.469210000e+01 8.444854578e+01
3.481000000e+01 8.461070686e+01
3.492810000e+01 8.477280132e+01
3.504640000e+01 8.493482879e+01
3.516490000e+01 8.509678888e+01
3.528360000e+01 8.525868116e+01
3.540250000e+01 8.542050524e+01
3.552160000e+01 8.558226064e+01
3.564090000e+01 8.574394697e+01
3.576040000e+01 8.590556371e+01
3.588010000e+01 8.606711045e+01
3.600000000e+01 8.622858668e+01
3.612010000e+01 8.638999193e+01
3.624040000e+01 8.655132571e+01
3.636090000e+01 8.671258748e+01
3.648160000e+01 8.687377676e+01
3.660250000e+01 8.703489302e+01
3.672360000e+01 8.719593574e+01
3.684490000e+01 8.735690438e+01
3.696640000e+01 8.751779842e+01
3.708810000e+01 8.767861729e+01
3.721000000e+01 8.783936045e+01
3.733210000e+01 8.800002735e+01
3.745440000e+01 8.816061744e+01
3.757690000e+01 8.832113014e+01
3.769960000e+01 8.848156490e+01
3.782250000e+01 8.864192116e+01
3.794560000e+01 8.880219832e+01
3.806890000e+01 8.896239582e+01
3.819240000e+01 8.912251310e+01
3.831610000e+01 8.928254957e+01
3.844000000e+01 8.944250464e+01
3.856410000e+01 8.960237775e+01
3.868840000e+01 8.976216832e+01
3.881290000e+01 8.992187578e+01
3.893760000e+01 9.008149949e+01
3.906250000e+01 9.024103892e+01
3.918760000e+01 9.040049349e+01
3.931290000e+01 9.055986261e+01
3.943840000e+01 9.071914572e+01
3.956410000e+01 9.087834222e+01
3.969000000e+01 9.103745154e+01
3.981610000e+01 9.119647313e+01
3.994240000e+01 9.135540641e+01
4.006890000e+01 9.151425081e+01
4.019560000e+01 9.167300576e+01
4.032250000e+01 9.183167073e+01
4.044960000e+01 9.199024515e+01
4.057690000e+01 9.214872848e+01
4.070440000e+01 9.230712018e+01
4.083210000e+01 9.246541969e+01
4.096000000e+01 9.262362657e+01
4.108810000e+01 9.278174012e+01
4.121640000e+01 9.293976000e+01
4.134490000e+01 9.309768563e+01
4.147360000e+01 9.325551651e+01
4.160250000e+01 9.341325217e+01
4.173160000e+01 9.357089212e+01
4.186090000e+01 9.372843587e+01
4.199040000e+01 9.388588298e+01
4.212010000e+01 9.404323300e+01
4.225000000e+01 9.420048550e+01
4.238010000e+01 9.435764003e+01
4.251040000e+01 9.451469616e+01
4.264090000e+01 9.467165353e+01
4.277160000e+01 9.482851172e+01
4.290250000e+01 9.498527034e+01
4.303360000e+01 9.514192904e+01
4.316490000e+01 9.529848746e+01
4.329640000e+01 9.545494528e+01
4.342810000e+01 9.561130214e+01
4.356000000e+01 9.576755777e+01
4.369210000e+01 9.592371181e+01
4.382440000e+01 9.607976403e+01
4.395690000e+01 9.623571415e+01
4.408960000e+01 9.639156188e+01
4.422250000e+01 9.654730701e+01
4.435560000e+01 9.670294931e+01
4.448890000e+01 9.685848856e+01
4.462240000e+01 9.701392456e+01
4.475610000e+01 9.716925715e+01
4.489000000e+01 9.732448613e+01
4.502410000e+01 9.747961136e+01
4.515840000e+01 9.763463270e+01
4.529290000e+01 9.778955001e+01
4.542760000e+01 9.794436318e+01
4.556250000e+01 9.809907214e+01
4.569760000e+01 9.825367677e+01
4.583290000e+01 9.840817701e+01
4.596840000e+01 9.856257280e+01
4.610410000e+01 9.871686410e+01
4.624000000e+01 9.887105087e+01
4.637610000e+01 9.902513310e+01
4.651240000e+01 9.917911077e+01
4.664890000e+01 9.933298391e+01
4.678560000e+01 9.948675252e+01
4.692250000e+01 9.964041664e+01
4.705960000e+01 9.979397630e+01
4.719690000e+01 9.994743156e+01
4.733440000e+01 1.001007825e+02
4.747210000e+01 1.002540292e+02
4.761000000e+01 1.004071717e+02
4.774810000e+01 1.005602102e+02
4.788640000e+01 1.007131447e+02
4.802490000e+01 1.008659754e+02
4.816360000e+01 1.010187024e+02
4.830250000e+01 1.011713259e+02
4.844160000e+01 1.013238459e+02
4.858090000e+01 1.014762628e+02
4.872040000e+01 1.016285766e+02
4.886010000e+01 1.017807876e+02
4.900000000e+01 1.019328958e+02
4.914010000e+01 1.020849017e+02
4.928040000e+01 1.022368053e+02
4.942090000e+01 1.023886069e+02
4.956160000e+01 1.025403067e+02
4.970250000e+01 1.026919049e+02
4.984360000e+01 1.028434019e+02
4.998490000e+01 1.029947978e+02
5.012640000e+01 1.031460931e+02
5.026810000e+01 1.032972878e+02
5.041000000e+01 1.034483823e+02
5.055210000e+01 1.035993769e+02
5.069440000e+01 1.037502719e+02
5.083690000e+01 1.039010675e+02
5.097960000e+01 1.040517642e+02
5.112250000e+01 1.042023622e+02
5.126560000e+01 1.043528618e+02
5.140890000e+01 1.045032634e+02
5.155240000e+01 1.046535674e+02
5.169610000e+01 1.048037737e+02
5.184000000e+01 1.049538831e+02
5.198410000e+01 1.051038958e+02
5.212840000e+01 1.052538121e+02
5.227290000e+01 1.054036323e+02
5.241760000e+01 1.055533568e+02
5.256250000e+01 1.057029859e+02
5.270760000e+01 1.058525200e+02
5.285290000e+01 1.060019593e+02
5.299840000e+01 1.061513043e+02
5.314410000e+01 1.063005552e+02
5.329000000e+01 1.064497124e+02
5.343610000e+01 1.065987762e+02
5.358240000e+01 1.067477469e+02
5.372890000e+01 1.068966248e+02
5.387560000e+01 1.070454102e+02
5.402250000e+01 1.071941035e+02
5.416960000e+01 1.073427048e+02
5.431690000e+01 1.074912146e+02
5.446440000e+01 1.076396330e+02
5.461210000e+01 1.077879604e+02
5.476000000e+01 1.079361970e+02
5.490810000e+01 1.080843431e+02
5.505640000e+01 1.082323989e+02
5.520490000e+01 1.083803646e+02
5.535360000e+01 1.085282404e+02
5.550250000e+01 1.086760268e+02
5.565160000e+01 1.088237235e+02
5.580090000e+01 1.089713311e+02
5.595040000e+01 1.091188497e+02
5.610010000e+01 1.092662794e+02
5.625000000e+01 1.094136204e+02
5.640010000e+01 1.095608729e+02
5.655040000e+01 1.097080370e+02
5.670090000e+01 1.098551128e+02
5.685160000e+01 1.100021005e+02
5.700250000e+01 1.101490002e+02
5.715360000e+01 1.102958119e+02
5.730490000e+01 1.104425359e+02
5.745640000e+01 1.105891721e+02
5.760810000e+01 1.107357207e+02
5.776000000e+01 1.108821817e+02
5.791210000e+01 1.110285552e+02
5.806440000e+01 1.111748412e+02
5.821690000e+01 1.113210399e+02
5.836960000e+01 1.114671511e+02
5.852250000e+01 1.116131751e+02
5.867560000e+01 1.117591118e+02
5.882890000e+01 1.119049611e+02
5.898240000e+01 1.120507232e+02
5.913610000e+01 1.121963982e+02
5.929000000e+01 1.123419858e+02
5.944410000e+01 1.124874862e+02
5.959840000e+01 1.126328995e+02
5.975290000e+01 1.127782254e+02
5.990760000e+01 1.129234642e+02
6.006250000e+01 1.130686157e+02
6.021760000e+01 1.132136800e+02
6.037290000e+01 1.133586570e+02
6.052840000e+01 1.135035467e+02
6.068410000e+01 1.136483492e+02
6.084000000e+01 1.137930644e+02
6.099610000e+01 1.139376922e+02
6.115240000e+01 1.140822328e+02
6.130890000e+01 1.142266860e+02
6.146560000e+01 1.143710518e+02
6.162250000e+01 1.145153303e+02
6.177960000e+01 1.146595214e+02
6.193690000e+01 1.148036252e+02
6.209440000e+01 1.149476416e+02
6.225210000e+01 1.150915707e+02
6.241000000e+01 1.152354124e+02
6.256810000e+01 1.153791667e+02
6.272640000e+01 1.155228337e+02
6.288490000e+01 1.156664135e+02
6.304360000e+01 1.158099060e+02
6.320250000e+01 1.159533112e+02
6.336160000e+01 1.160966292e+02
6.352090000e+01 1.162398602e+02
6.368040000e+01 1.163830040e+02
6.384010000e+01 1.165260608e+02
6.400000000e+01 1.166690307e+02
6.416010000e+01 1.168119137e+02
6.432040000e+01 1.169547100e+02
6.448090000e+01 1.170974197e+02
6.464160000e+01 1.172400429e+02
6.480250000e+01 1.173825797e+02
6.496360000e+01 1.175250303e+02
6.512490000e+01 1.176673949e+02
6.528640000e+01 1.178096735e+02
6.544810000e+01 1.179518665e+02
6.561000000e+01 1.180939741e+02
6.577210000e+01 1.182359964e+02
6.593440000e+01 1.183779337e+02
6.609690000e+01 1.185197864e+02
6.625960000e+01 1.186615545e+02
6.642250000e+01 1.188032386e+02
6.658560000e+01 1.189448388e+02
6.674890000e+01 1.190863556e+02
6.691240000e+01 1.192277893e+02
6.707610000e+01 1.193691402e+02
6.724000000e+01 1.195104089e+02
6.740410000e+01 1.196515957e+02
6.756840000e+01 1.197927011e+02
6.773290000e+01 1.199337255e+02
6.789760000e+01 1.200746695e+02
6.806250000e+01 1.202155336e+02
6.822760000e+01 1.203563184e+02
6.839290000e+01 1.204970243e+02
6.855840000e+01 1.206376521e+02
6.872410000e+01 1.207782024e+02
6.889000000e+01 1.209186757e+02
6.905610000e+01 1.210590728e+02
6.922240000e+01 1.211993944e+02
6.938890000e+01 1.213396412e+02
6.955560000e+01 1.214798139e+02
6.972250000e+01 1.216199134e+02
6.988960000e+01 1.217599405e+02
7.005690000e+01 1.218998959e+02
7.022440000e+01 1.220397806e+02
7.039210000e+01 1.221795954e+02
7.056000000e+01 1.223193413e+02
7.072810000e+01 1.224590192e+02
7.089640000e+01 1.225986299e+02
7.106490000e+01 1.227381745e+02
7.123360000e+01 1.228776541e+02
7.140250000e+01 1.230170697e+02
7.157160000e+01 1.231564222e+02
7.174090000e+01 1.232957129e+02
7.191040000e+01 1.234349427e+02
7.208010000e+01 1.235741128e+02
7.225000000e+01 1.237132244e+02
7.242010000e+01 1.238522786e+02
7.259040000e+01 1.239912766e+02
7.276090000e+01 1.241302196e+02
7.293160000e+01 1.242691088e+02
7.310250000e+01 1.244079455e+02
7.327360000e+01 1.245467309e+02
7.344490000e+01 1.246854663e+02
7.361640000e+01 1.248241530e+02
7.378810000e+01 1.249627923e+02
7.396000000e+01 1.251013855e+02
7.413210000e+01 1.252399342e+02
7.430440000e+01 1.253784390e+02
7.447690000e+01 1.255169020e+02
7.464960000e+01 1.256553244e+02
7.482250000e+01 1.257937074e+02
7.499560000e+01 1.259320526e+02
7.516890000e+01 1.260703612e+02
7.534240000e+01 1.262086348e+02
7.551610000e+01 1.263468746e+02
7.569000000e+01 1.264850821e+02
7.586410000e+01 1.266232587e+02
7.603840000e+01 1.267614059e+02
7.621290000e+01 1.268995250e+02
7.638760000e+01 1.270376175e+02
7.656250000e+01 1.271756848e+02
7.673760000e+01 1.273137282e+02
7.691290000e+01 1.274517492e+02
7.708840000e+01 1.275897493e+02
7.726410000e+01 1.277277297e+02
7.744000000e+01 1.278656918e+02
7.761610000e+01 1.280036371e+02
7.779240000e+01 1.281415669e+02
7.796890000e+01 1.282794826e+02
7.814560000e+01 1.284173854e+02
7.832250000e+01 1.285552767e+02
7.849960000e+01 1.286931578e+02
7.867690000e+01 1.288310302e+02
7.885440000e+01 1.289688945e+02
7.903210000e+01 1.291067526e+02
7.921000000e+01 1.292446054e+02
7.938810000e+01 1.293824542e+02
7.956640000e+01 1.295203002e+02
7.974490000e+01 1.296581444e+02
7.992360000e+01 1.297959880e+02
8.010250000e+01 1.299338320e+02
8.028160000e+01 1.300716776e+02
8.046090000e+01 1.302095255e+02
8.064040000e+01 1.303473770e+02
8.082010000e+01 1.304852328e+02
8.100000000e+01 1.306230940e+02
8.118010000e+01 1.307609612e+02
8.136040000e+01 1.308988355e+02
8.154090000e+01 1.310367174e+02
8.172160000e+01 1.311746078e+02
8.190250000e+01 1.313125074e+02
8.208360000e+01 1.314504167e+02
8.226490000e+01 1.315883364e+02
8.244640000e+01 1.317262670e+02
8.262810000e+01 1.318642091e+02
8.281000000e+01 1.320021630e+02
8.299210000e+01 1.321401291e+02
8.317440000e+01 1.322781078e+02
8.335690000e+01 1.324160995e+02
8.353960000e+01 1.325541042e+02
8.372250000e+01 1.326921223e+02
8.390560000e+01 1.328301537e+02
8.408890000e+01 1.329681987e+02
8.427240000e+01 1.331062572e+02
8.445610000e+01 1.332443291e+02
8.464000000e+01 1.333824144e+02
8.482410000e+01 1.335205130e+02
8.500840000e+01 1.336586245e+02
8.519290000e+01 1.337967487e+02
8.537760000e+01 1.339348853e+02
8.556250000e+01 1.340730340e+02
8.574760000e+01 1.342111941e+02
8.593290000e+01 1.343493653e+02
8.611840000e+01 1.344875469e+02
8.630410000e+01 1.346257383e+02
8.649000000e+01 1.347639389e+02
8.667610000e+01 1.349021478e+02
8.686240000e+01 1.350403643e+02
8.704890000e+01 1.351785874e+02
8.723560000e+01 1.353168163e+02
8.742250000e+01 1.354550499e+02
8.760960000e+01 1.355932872e+02
8.779690000e+01 1.357315271e+02
8.798440000e+01 1.358697684e+02
8.817210000e+01 1.360080098e+02
8.836000000e+01 1.361462501e+02
8.854810000e+01 1.362844879e+02
8.873640000e+01 1.364227218e+02
8.892490000e+01 1.365609503e+02
8.911360000e+01 1.366991720e+02
8.930250000e+01 1.368373852e+02
8.949160000e+01 1.369755882e+02
8.968090000e+01 1.371137795e+02
8.987040000e+01 1.372519572e+02
9.006010000e+01 1.373901196e+02
9.025000000e+01 1.375282647e+02
9.044010000e+01 1.376663908e+02
9.063040000e+01 1.378044958e+02
9.082090000e+01 1.379425776e+02
9.101160000e+01 1.380806344e+02
9.120250000e+01 1.382186640e+02
9.139360000e+01 1.383566641e+02
9.158490000e+01 1.384946327e+02
9.177640000e+01 1.386325674e+02
9.196810000e+01 1.387704661e+02
9.216000000e+01 1.389083262e+02
9.235210000e+01 1.390461456e+02
9.254440000e+01 1.391839218e+02
9.273690000e+01 1.393216523e+02
9.292960000e+01 1.394593346e+02
9.312250000e+01 1.395969664e+02
9.331560000e+01 1.397345449e+02
9.350890000e+01 1.398720676e+02
9.370240000e+01 1.400095319e+02
9.389610000e+01 1.401469352e+02
9.409000000e+01 1.402842748e+02
9.428410000e+01 1.404215480e+02
9.447840000e+01 1.405587520e+02
9.467290000e+01 1.406958843e+02
9.486760000e+01 1.408329419e+02
9.506250000e+01 1.409699223e+02
9.525760000e+01 1.411068224e+02
9.545290000e+01 1.412436396e+02
9.564840000e+01 1.413803710e+02
9.584410000e+01 1.415170139e+02
9.604000000e+01 1.416535654e+02
9.623610000e+01 1.417900227e+02
9.643240000e+01 1.419263829e+02
9.662890000e+01 1.420626432e+02
9.682560000e+01 1.421988009e+02
9.702250000e+01 1.423348530e+02
9.721960000e+01 1.424707967e+02
9.741690000e+01 1.426066293e+02
9.761440000e+01 1.427423479e+02
9.781210000e+01 1.428779498e+02
9.801000000e+01 1.430134321e+02
9.820810000e+01 1.431487922e+02
9.840640000e+01 1.432840273e+02
9.860490000e+01 1.434191346e+02
9.880360000e+01 1.435541116e+02
9.900250000e+01 1.436889555e+02
9.920160000e+01 1.438236638e+02
9.940090000e+01 1.439582337e+02
9.960040000e+01 1.440926628e+02
9.980010000e+01 1.442269484e+02
1.000000000e+02 1.443610912e+02
