1.000000000e+00 5.690696005e-01
1.020100000e+00 5.852403870e-01
1.040400000e+00 6.015793132e-01
1.060900000e+00 6.180828174e-01
1.081600000e+00 6.347473652e-01
1.102500000e+00 6.515694527e-01
1.123600000e+00 6.685456088e-01
1.144900000e+00 6.856723978e-01
1.166400000e+00 7.029464209e-01
1.188100000e+00 7.203643189e-01
1.210000000e+00 7.379227733e-01
1.232100000e+00 7.556185081e-01
1.254400000e+00 7.734482913e-01
1.276900000e+00 7.914089358e-01
1.299600000e+00 8.094973005e-01
1.322500000e+00 8.277102912e-01
1.345600000e+00 8.460448616e-01
1.368900000e+00 8.644980134e-01
1.392400000e+00 8.830667971e-01
1.416100000e+00 9.017483121e-01
1.440000000e+00 9.205397071e-01
1.464100000e+00 9.394381801e-01
1.488400000e+00 9.584409783e-01
1.512900000e+00 9.775453982e-01
1.537600000e+00 9.967487854e-01
1.562500000e+00 1.016048534e+00
1.587600000e+00 1.035442087e+00
1.612900000e+00 1.054926934e+00
1.638400000e+00 1.074500615e+00
1.664100000e+00 1.094160714e+00
1.690000000e+00 1.113904863e+00
1.716100000e+00 1.133730739e+00
1.742400000e+00 1.153636067e+00
1.768900000e+00 1.173618613e+00
1.795600000e+00 1.193676189e+00
1.822500000e+00 1.213806651e+00
1.849600000e+00 1.234007897e+00
1.876900000e+00 1.254277866e+00
1.904400000e+00 1.274614540e+00
1.932100000e+00 1.295015941e+00
1.960000000e+00 1.315480131e+00
1.988100000e+00 1.336005214e+00
2.016400000e+00 1.356589328e+00
2.044900000e+00 1.377230654e+00
2.073600000e+00 1.397927409e+00
2.102500000e+00 1.418677846e+00
2.131600000e+00 1.439480257e+00
2.160900000e+00 1.460332968e+00
2.190400000e+00 1.481234342e+00
2.220100000e+00 1.502182777e+00
2.250000000e+00 1.523176705e+00
2.280100000e+00 1.544214593e+00
2.310400000e+00 1.565294940e+00
2.340900000e+00 1.586416282e+00
2.371600000e+00 1.607577184e+00
2.402500000e+00 1.628776245e+00
2.433600000e+00 1.650012097e+00
2.464900000e+00 1.671283402e+00
2.496400000e+00 1.692588853e+00
2.528100000e+00 1.713927175e+00
2.560000000e+00 1.735297122e+00
2.592100000e+00 1.756697478e+00
2.624400000e+00 1.778127056e+00
2.656900000e+00 1.799584699e+00
2.689600000e+00 1.821069277e+00
2.722500000e+00 1.842579687e+00
2.755600000e+00 1.864114855e+00
2.788900000e+00 1.885673731e+00
2.822400000e+00 1.907255293e+00
2.856100000e+00 1.928858544e+00
2.890000000e+00 1.950482510e+00
2.924100000e+00 1.972126243e+00
2.958400000e+00 1.993788818e+00
2.992900000e+00 2.015469331e+00
3.027600000e+00 2.037166902e+00
3.062500000e+00 2.058880672e+00
3.097600000e+00 2.080609803e+00
3.132900000e+00 2.102353474e+00
3.168400000e+00 2.124110889e+00
3.204100000e+00 2.145881265e+00
3.240000000e+00 2.167663840e+00
3.276100000e+00 2.189457870e+00
3.312400000e+00 2.211262625e+00
3.348900000e+00 2.233077394e+00
3.385600000e+00 2.254901480e+00
3.422500000e+00 2.276734201e+00
3.459600000e+00 2.298574890e+00
3.496900000e+00 2.320422894e+00
3.534400000e+00 2.342277573e+00
3.572100000e+00 2.364138301e+00
3.610000000e+00 2.386004465e+00
3.648100000e+00 2.407875462e+00
3.686400000e+00 2.429750705e+00
3.724900000e+00 2.451629614e+00
3.763600000e+00 2.473511624e+00
3.802500000e+00 2.495396180e+00
3.841600000e+00 2.517282739e+00
3.880900000e+00 2.539170769e+00
3.920400000e+00 2.561059746e+00
3.960100000e+00 2.582949161e+00
4.000000000e+00 2.604838513e+00
4.040100000e+00 2.626727313e+00
4.080400000e+00 2.648615081e+00
4.120900000e+00 2.670501349e+00
4.161600000e+00 2.692385659e+00
4.202500000e+00 2.714267565e+00
4.243600000e+00 2.736146629e+00
4.284900000e+00 2.758022427e+00
4.326400000e+00 2.779894542e+00
4.368100000e+00 2.801762571e+00
4.410000000e+00 2.823626120e+00
4.452100000e+00 2.845484804e+00
4.494400000e+00 2.867338253e+00
4.536900000e+00 2.889186103e+00
4.579600000e+00 2.911028003e+00
4.622500000e+00 2.932863612e+00
4.665600000e+00 2.954692599e+00
4.708900000e+00 2.976514642e+00
4.752400000e+00 2.998329431e+00
4.796100000e+00 3.020136665e+00
4.840000000e+00 3.041936050e+00
4.884100000e+00 3.063727305e+00
4.928400000e+00 3.085510156e+00
4.972900000e+00 3.107284336e+00
5.017600000e+00 3.129049590e+00
5.062500000e+00 3.150805668e+00
5.107600000e+00 3.172552329e+00
5.152900000e+00 3.194289337e+00
5.198400000e+00 3.216016467e+00
5.244100000e+00 3.237733495e+00
5.290000000e+00 3.259440207e+00
5.336100000e+00 3.281136394e+00
5.382400000e+00 3.302821851e+00
5.428900000e+00 3.324496379e+00
5.475600000e+00 3.346159782e+00
5.522500000e+00 3.367811869e+00
5.569600000e+00 3.389452453e+00
5.616900000e+00 3.411081350e+00
5.664400000e+00 3.432698380e+00
5.712100000e+00 3.454303365e+00
5.760000000e+00 3.475896129e+00
5.808100000e+00 3.497476499e+00
5.856400000e+00 3.519044306e+00
5.904900000e+00 3.540599380e+00
5.953600000e+00 3.562141555e+00
6.002500000e+00 3.583670668e+00
6.051600000e+00 3.605186554e+00
6.100900000e+00 3.626689055e+00
6.150400000e+00 3.648178010e+00
6.200100000e+00 3.669653264e+00
6.250000000e+00 3.691114661e+00
6.300100000e+00 3.712562050e+00
6.350400000e+00 3.733995280e+00
6.400900000e+00 3.755414203e+00
6.451600000e+00 3.776818675e+00
6.502500000e+00 3.798208554e+00
6.553600000e+00 3.819583700e+00
6.604900000e+00 3.840943979e+00
6.656400000e+00 3.862289257e+00
6.708100000e+00 3.883619407e+00
6.760000000e+00 3.904934303e+00
6.812100000e+00 3.926233826e+00
6.864400000e+00 3.947517859e+00
6.916900000e+00 3.968786290e+00
6.969600000e+00 3.990039012e+00
7.022500000e+00 4.011275922e+00
7.075600000e+00 4.032496923e+00
7.128900000e+00 4.053701921e+00
7.182400000e+00 4.074890829e+00
7.236100000e+00 4.096063563e+00
7.290000000e+00 4.117220044e+00
7.344100000e+00 4.138360199e+00
7.398400000e+00 4.159483960e+00
7.452900000e+00 4.180591260e+00
7.507600000e+00 4.201682041e+00
7.562500000e+00 4.222756247e+00
7.617600000e+00 4.243813825e+00
7.672900000e+00 4.264854728e+00
7.728400000e+00 4.285878911e+00
7.784100000e+00 4.306886332e+00
7.840000000e+00 4.327876952e+00
7.896100000e+00 4.348850736e+00
7.952400000e+00 4.369807649e+00
8.008900000e+00 4.390747660e+00
8.065600000e+00 4.411670738e+00
8.122500000e+00 4.432576855e+00
8.179600000e+00 4.453465982e+00
8.236900000e+00 4.474338091e+00
8.294400000e+00 4.495193155e+00
8.352100000e+00 4.516031147e+00
8.410000000e+00 4.536852039e+00
8.468100000e+00 4.557655805e+00
8.526400000e+00 4.578442413e+00
8.584900000e+00 4.599211837e+00
8.643600000e+00 4.619964044e+00
8.702500000e+00 4.640699004e+00
8.761600000e+00 4.661416684e+00
8.820900000e+00 4.682117049e+00
8.880400000e+00 4.702800065e+00
8.940100000e+00 4.723465696e+00
9.000000000e+00 4.744113904e+00
9.060100000e+00 4.764744650e+00
9.120400000e+00 4.785357895e+00
9.180900000e+00 4.805953599e+00
9.241600000e+00 4.826531721e+00
9.302500000e+00 4.847092221e+00
9.363600000e+00 4.867635055e+00
9.424900000e+00 4.888160186e+00
9.486400000e+00 4.908667569e+00
9.548100000e+00 4.929157167e+00
9.610000000e+00 4.949628940e+00
9.672100000e+00 4.970082850e+00
9.734400000e+00 4.990518861e+00
9.796900000e+00 5.010936937e+00
9.859600000e+00 5.031337046e+00
9.922500000e+00 5.051719157e+00
9.985600000e+00 5.072083243e+00
1.004890000e+01 5.092429278e+00
1.011240000e+01 5.112757240e+00
1.017610000e+01 5.133067108e+00
1.024000000e+01 5.153358866e+00
1.030410000e+01 5.173632501e+00
1.036840000e+01 5.193888002e+00
1.043290000e+01 5.214125363e+00
1.049760000e+01 5.234344580e+00
1.056250000e+01 5.254545652e+00
1.062760000e+01 5.274728582e+00
1.069290000e+01 5.294893303e+00
1.075840000e+01 5.315040040e+00
1.082410000e+01 5.335168587e+00
1.089000000e+01 5.355279030e+00
1.095610000e+01 5.375371384e+00
1.102240000e+01 5.395445666e+00
1.108890000e+01 5.415501895e+00
1.115560000e+01 5.435540093e+00
1.122250000e+01 5.455560278e+00
1.128960000e+01 5.475562476e+00
1.135690000e+01 5.495546707e+00
1.142440000e+01 5.515512995e+00
1.149210000e+01 5.535461361e+00
1.156000000e+01 5.555391829e+00
1.162810000e+01 5.575304418e+00
1.169640000e+01 5.595199150e+00
1.176490000e+01 5.615076043e+00
1.183360000e+01 5.634935114e+00
1.190250000e+01 5.654776379e+00
1.197160000e+01 5.674599854e+00
1.204090000e+01 5.694405547e+00
1.211040000e+01 5.714193470e+00
1.218010000e+01 5.733963632e+00
1.225000000e+01 5.753716036e+00
1.232010000e+01 5.773450686e+00
1.239040000e+01 5.793167585e+00
1.246090000e+01 5.812866730e+00
1.253160000e+01 5.832548120e+00
1.260250000e+01 5.852211749e+00
1.267360000e+01 5.871857613e+00
1.274490000e+01 5.891485703e+00
1.281640000e+01 5.911096011e+00
1.288810000e+01 5.930688528e+00
1.296000000e+01 5.950263243e+00
1.303210000e+01 5.969820147e+00
1.310440000e+01 5.989359228e+00
1.317690000e+01 6.008880478e+00
1.324960000e+01 6.028383887e+00
1.332250000e+01 6.047869444e+00
1.339560000e+01 6.067337145e+00
1.346890000e+01 6.086786982e+00
1.354240000e+01 6.106218951e+00
1.361610000e+01 6.125633050e+00
1.369000000e+01 6.145029280e+00
1.376410000e+01 6.164407641e+00
1.383840000e+01 6.183768141e+00
1.391290000e+01 6.203110787e+00
1.398760000e+01 6.222435591e+00
1.406250000e+01 6.241742565e+00
1.413760000e+01 6.261031727e+00
1.421290000e+01 6.280303097e+00
1.428840000e+01 6.299556700e+00
1.436410000e+01 6.318792560e+00
1.444000000e+01 6.338010707e+00
1.451610000e+01 6.357211174e+00
1.459240000e+01 6.376393996e+00
1.466890000e+01 6.395559209e+00
1.474560000e+01 6.414706853e+00
1.482250000e+01 6.433836971e+00
1.489960000e+01 6.452949606e+00
1.497690000e+01 6.472044802e+00
1.505440000e+01 6.491122608e+00
1.513210000e+01 6.510183069e+00
1.521000000e+01 6.529226234e+00
1.528810000e+01 6.548252152e+00
1.536640000e+01 6.567260871e+00
1.544490000e+01 6.586252439e+00
1.552360000e+01 6.605226904e+00
1.560250000e+01 6.624184313e+00
1.568160000e+01 6.643124712e+00
1.576090000e+01 6.662048146e+00
1.584040000e+01 6.680954657e+00
1.592010000e+01 6.699844285e+00
1.600000000e+01 6.718717072e+00
1.608010000e+01 6.737573054e+00
1.616040000e+01 6.756412266e+00
1.624090000e+01 6.775234741e+00
1.632160000e+01 6.794040509e+00
1.640250000e+01 6.812829598e+00
1.648360000e+01 6.831602036e+00
1.656490000e+01 6.850357844e+00
1.664640000e+01 6.869097046e+00
1.672810000e+01 6.887819660e+00
1.681000000e+01 6.906525703e+00
1.689210000e+01 6.925215192e+00
1.697440000e+01 6.943888143e+00
1.705690000e+01 6.962544565e+00
1.713960000e+01 6.981184473e+00
1.722250000e+01 6.999807878e+00
1.730560000e+01 7.018414789e+00
1.738890000e+01 7.037005218e+00
1.747240000e+01 7.055579173e+00
1.755610000e+01 7.074136667e+00
1.764000000e+01 7.092677708e+00
1.772410000e+01 7.111202308e+00
1.780840000e+01 7.129710480e+00
1.789290000e+01 7.148202237e+00
1.797760000e+01 7.166677593e+00
1.806250000e+01 7.185136566e+00
1.814760000e+01 7.203579171e+00
1.823290000e+01 7.222005429e+00
1.831840000e+01 7.240415363e+00
1.840410000e+01 7.258808994e+00
1.849000000e+01 7.277186349e+00
1.857610000e+01 7.295547456e+00
1.866240000e+01 7.313892343e+00
1.874890000e+01 7.332221042e+00
1.883560000e+01 7.350533587e+00
1.892250000e+01 7.368829919e+00
1.900960000e+01 7.387110357e+00
1.909690000e+01 7.405374657e+00
1.918440000e+01 7.423622954e+00
1.927210000e+01 7.441855288e+00
1.936000000e+01 7.460071701e+00
1.944810000e+01 7.478272235e+00
1.953640000e+01 7.496456936e+00
1.962490000e+01 7.514625845e+00
1.971360000e+01 7.532779007e+00
1.980250000e+01 7.550916463e+00
1.989160000e+01 7.569038259e+00
1.998090000e+01 7.587144436e+00
2.007040000e+01 7.605235034e+00
2.016010000e+01 7.623310093e+00
2.025000000e+01 7.641369653e+00
2.034010000e+01 7.659413751e+00
2.043040000e+01 7.677442421e+00
2.052090000e+01 7.695455697e+00
2.061160000e+01 7.713453610e+00
2.070250000e+01 7.731436190e+00
2.079360000e+01 7.749403465e+00
2.088490000e+01 7.767355457e+00
2.097640000e+01 7.785292191e+00
2.106810000e+01 7.803213687e+00
2.116000000e+01 7.821119963e+00
2.125210000e+01 7.839011035e+00
2.134440000e+01 7.856886917e+00
2.143690000e+01 7.874747622e+00
2.152960000e+01 7.892593159e+00
2.162250000e+01 7.910423538e+00
2.171560000e+01 7.928238766e+00
2.180890000e+01 7.946038849e+00
2.190240000e+01 7.963823791e+00
2.199610000e+01 7.981593599e+00
2.209000000e+01 7.999348276e+00
2.218410000e+01 8.017087824e+00
2.227840000e+01 8.034812247e+00
2.237290000e+01 8.052521550e+00
2.246760000e+01 8.070215736e+00
2.256250000e+01 8.087894809e+00
2.265760000e+01 8.105558776e+00
2.275290000e+01 8.123207644e+00
2.284840000e+01 8.140841420e+00
2.294410000e+01 8.158460115e+00
2.304000000e+01 8.176063739e+00
2.313610000e+01 8.193652304e+00
2.323240000e+01 8.211225827e+00
2.332890000e+01 8.228784326e+00
2.342560000e+01 8.246327815e+00
2.352250000e+01 8.263856320e+00
2.361960000e+01 8.281369862e+00
2.371690000e+01 8.298868468e+00
2.381440000e+01 8.316352164e+00
2.391210000e+01 8.333820981e+00
2.401000000e+01 8.351274952e+00
2.410810000e+01 8.368714108e+00
2.420640000e+01 8.386138485e+00
2.430490000e+01 8.403548122e+00
2.440360000e+01 8.420943058e+00
2.450250000e+01 8.438323330e+00
2.460160000e+01 8.455688983e+00
2.470090000e+01 8.473040059e+00
2.480040000e+01 8.490376600e+00
2.490010000e+01 8.507698650e+00
2.500000000e+01 8.525006253e+00
2.510010000e+01 8.542299458e+00
2.520040000e+01 8.559578303e+00
2.530090000e+01 8.576842840e+00
2.540160000e+01 8.594093106e+00
2.550250000e+01 8.611329149e+00
2.560360000e+01 8.628551011e+00
2.570490000e+01 8.645758733e+00
2.580640000e+01 8.662952358e+00
2.590810000e+01 8.680131925e+00
2.601000000e+01 8.697297475e+00
2.611210000e+01 8.714449044e+00
2.621440000e+01 8.731586668e+00
2.631690000e+01 8.748710383e+00
2.641960000e+01 8.765820220e+00
2.652250000e+01 8.782916217e+00
2.662560000e+01 8.799998401e+00
2.672890000e+01 8.817066800e+00
2.683240000e+01 8.834121445e+00
2.693610000e+01 8.851162363e+00
2.704000000e+01 8.868189579e+00
2.714410000e+01 8.885203118e+00
2.724840000e+01 8.902203004e+00
2.735290000e+01 8.919189260e+00
2.745760000e+01 8.936161910e+00
2.756250000e+01 8.953120975e+00
2.766760000e+01 8.970066476e+00
2.777290000e+01 8.986998436e+00
2.787840000e+01 9.003916876e+00
2.798410000e+01 9.020821818e+00
2.809000000e+01 9.037713283e+00
2.819610000e+01 9.054591294e+00
2.830240000e+01 9.071455875e+00
2.840890000e+01 9.088307048e+00
2.851560000e+01 9.105144840e+00
2.862250000e+01 9.121969272e+00
2.872960000e+01 9.138780377e+00
2.883690000e+01 9.155578174e+00
2.894440000e+01 9.172362700e+00
2.905210000e+01 9.189133979e+00
2.916000000e+01 9.205892047e+00
2.926810000e+01 9.222636930e+00
2.937640000e+01 9.239368667e+00
2.948490000e+01 9.256087292e+00
2.959360000e+01 9.272792840e+00
2.970250000e+01 9.289485347e+00
2.981160000e+01 9.306164155e+00
2.992090000e+01 9.322831393e+00
3.003040000e+01 9.339485010e+00
3.014010000e+01 9.356125744e+00
3.025000000e+01 9.372753633e+00
3.036010000e+01 9.389368720e+00
3.047040000e+01 9.405971046e+00
3.058090000e+01 9.422560649e+00
3.069160000e+01 9.439137574e+00
3.080250000e+01 9.455701857e+00
3.091360000e+01 9.472253540e+00
3.102490000e+01 9.488792661e+00
3.113640000e+01 9.505319257e+00
3.124810000e+01 9.521833364e+00
3.136000000e+01 9.538335019e+00
3.147210000e+01 9.554824254e+00
3.158440000e+01 9.571301098e+00
3.169690000e+01 9.587765585e+00
3.180960000e+01 9.604217738e+00
3.192250000e+01 9.620657584e+00
3.203560000e+01 9.637085148e+00
3.214890000e+01 9.653500449e+00
3.226240000e+01 9.669903504e+00
3.237610000e+01 9.686294326e+00
3.249000000e+01 9.702672933e+00
3.260410000e+01 9.719039332e+00
3.271840000e+01 9.735393532e+00
3.283290000e+01 9.751735535e+00
3.294760000e+01 9.768065347e+00
3.306250000e+01 9.784382967e+00
3.317760000e+01 9.800688391e+00
3.329290000e+01 9.816981615e+00
3.340840000e+01 9.833262636e+00
3.352410000e+01 9.849531434e+00
3.364000000e+01 9.865788009e+00
3.375610000e+01 9.882032347e+00
3.387240000e+01 9.898264432e+00
3.398890000e+01 9.914484250e+00
3.410560000e+01 9.930691785e+00
3.422250000e+01 9.946887021e+00
3.433960000e+01 9.963069943e+00
3.445690000e+01 9.979240531e+00
3.457440000e+01 9.995398763e+00
3.469210000e+01 1.001154463e+01
3.481000000e+01 1.002767811e+01
3.492810000e+01 1.004379920e+01
3.504640000e+01 1.005990786e+01
3.516490000e+01 1.007600410e+01
3.528360000e+01 1.009208790e+01
3.540250000e+01 1.010815924e+01
3.552160000e+01 1.012421812e+01
3.564090000e+01 1.014026453e+01
3.576040000e+01 1.015629847e+01
3.588010000e+01 1.017231993e+01
3.600000000e+01 1.018832891e+01
3.612010000e+01 1.020432542e+01
3.624040000e+01 1.022030946e+01
3.636090000e+01 1.023628104e+01
3.648160000e+01 1.025224016e+01
3.660250000e+01 1.026818685e+01
3.672360000e+01 1.028412110e+01
3.684490000e+01 1.030004295e+01
3.696640000e+01 1.031595241e+01
3.708810000e+01 1.033184951e+01
3.721000000e+01 1.034773426e+01
3.733210000e+01 1.036360670e+01
3.745440000e+01 1.037946686e+01
3.757690000e+01 1.039531477e+01
3.769960000e+01 1.041115045e+01
3.782250000e+01 1.042697395e+01
3.794560000e+01 1.044278531e+01
3.806890000e+01 1.045858455e+01
3.819240000e+01 1.047437173e+01
3.831610000e+01 1.049014687e+01
3.844000000e+01 1.050591002e+01
3.856410000e+01 1.052166123e+01
3.868840000e+01 1.053740053e+01
3.881290000e+01 1.055312796e+01
3.893760000e+01 1.056884356e+01
3.906250000e+01 1.058454738e+01
3.918760000e+01 1.060023947e+01
3.931290000e+01 1.061591985e+01
3.943840000e+01 1.063158857e+01
3.956410000e+01 1.064724567e+01
3.969000000e+01 1.066289118e+01
3.981610000e+01 1.067852515e+01
3.994240000e+01 1.069414761e+01
4.006890000e+01 1.070975860e+01
4.019560000e+01 1.072535815e+01
4.032250000e+01 1.074094630e+01
4.044960000e+01 1.075652307e+01
4.057690000e+01 1.077208849e+01
4.070440000e+01 1.078764261e+01
4.083210000e+01 1.080318544e+01
4.096000000e+01 1.081871702e+01
4.108810000e+01 1.083423737e+01
4.121640000e+01 1.084974652e+01
4.134490000e+01 1.086524449e+01
4.147360000e+01 1.088073130e+01
4.160250000e+01 1.089620700e+01
4.173160000e+01 1.091167158e+01
4.186090000e+01 1.092712509e+01
4.199040000e+01 1.094256753e+01
4.212010000e+01 1.095799894e+01
4.225000000e+01 1.097341934e+01
4.238010000e+01 1.098882875e+01
4.251040000e+01 1.100422719e+01
4.264090000e+01 1.101961469e+01
4.277160000e+01 1.103499128e+01
4.290250000e+01 1.105035696e+01
4.303360000e+01 1.106571178e+01
4.316490000e+01 1.108105575e+01
4.329640000e+01 1.109638890e+01
4.342810000e+01 1.111171126e+01
4.356000000e+01 1.112702286e+01
4.369210000e+01 1.114232371e+01
4.382440000e+01 1.115761385e+01
4.395690000e+01 1.117289331e+01
4.408960000e+01 1.118816211e+01
4.422250000e+01 1.120342029e+01
4.435560000e+01 1.121866787e+01
4.448890000e+01 1.123390489e+01
4.462240000e+01 1.124913136e+01
4.475610000e+01 1.126434733e+01
4.489000000e+01 1.127955282e+01
4.502410000e+01 1.129474785e+01
4.515840000e+01 1.130993246e+01
4.529290000e+01 1.132510668e+01
4.542760000e+01 1.134027053e+01
4.556250000e+01 1.135542402e+01
4.569760000e+01 1.137056722e+01
4.583290000e+01 1.138570011e+01
4.596840000e+01 1.140082273e+01
4.610410000e+01 1.141593510e+01
4.624000000e+01 1.143103724e+01
4.637610000e+01 1.144612917e+01
4.651240000e+01 1.146121090e+01
4.664890000e+01 1.147628245e+01
4.678560000e+01 1.149134383e+01
4.692250000e+01 1.150639506e+01
4.705960000e+01 1.152143614e+01
4.719690000e+01 1.153646708e+01
4.733440000e+01 1.155148789e+01
4.747210000e+01 1.156649857e+01
4.761000000e+01 1.158149913e+01
4.774810000e+01 1.159648957e+01
4.788640000e+01 1.161146988e+01
4.802490000e+01 1.162644007e+01
4.816360000e+01 1.164140014e+01
4.830250000e+01 1.165635008e+01
4.844160000e+01 1.167128989e+01
4.858090000e+01 1.168621956e+01
4.872040000e+01 1.170113910e+01
4.886010000e+01 1.171604849e+01
4.900000000e+01 1.173094774e+01
4.914010000e+01 1.174583683e+01
4.928040000e+01 1.176071577e+01
4.942090000e+01 1.177558454e+01
4.956160000e+01 1.179044316e+01
4.970250000e+01 1.180529161e+01
4.984360000e+01 1.182012990e+01
4.998490000e+01 1.183495803e+01
5.012640000e+01 1.184977599e+01
5.026810000e+01 1.186458380e+01
5.041000000e+01 1.187938146e+01
5.055210000e+01 1.189416898e+01
5.069440000e+01 1.190894637e+01
5.083690000e+01 1.192371364e+01
5.097960000e+01 1.193847079e+01
5.112250000e+01 1.195321786e+01
5.126560000e+01 1.196795485e+01
5.140890000e+01 1.198268179e+01
5.155240000e+01 1.199739869e+01
5.169610000e+01 1.201210559e+01
5.184000000e+01 1.202680250e+01
5.198410000e+01 1.204148946e+01
5.212840000e+01 1.205616648e+01
5.227290000e+01 1.207083361e+01
5.241760000e+01 1.208549086e+01
5.256250000e+01 1.210013829e+01
5.270760000e+01 1.211477591e+01
5.285290000e+01 1.212940376e+01
5.299840000e+01 1.214402188e+01
5.314410000e+01 1.215863030e+01
5.329000000e+01 1.217322905e+01
5.343610000e+01 1.218781817e+01
5.358240000e+01 1.220239770e+01
5.372890000e+01 1.221696767e+01
5.387560000e+01 1.223152810e+01
5.402250000e+01 1.224607904e+01
5.416960000e+01 1.226062051e+01
5.431690000e+01 1.227515255e+01
5.446440000e+01 1.228967518e+01
5.461210000e+01 1.230418844e+01
5.476000000e+01 1.231869233e+01
5.490810000e+01 1.233318690e+01
5.505640000e+01 1.234767216e+01
5.520490000e+01 1.236214814e+01
5.535360000e+01 1.237661485e+01
5.550250000e+01 1.239107230e+01
5.565160000e+01 1.240552052e+01
5.580090000e+01 1.241995951e+01
5.595040000e+01 1.243438930e+01
5.610010000e+01 1.244880989e+01
5.625000000e+01 1.246322128e+01
5.640010000e+01 1.247762348e+01
5.655040000e+01 1.249201650e+01
5.670090000e+01 1.250640035e+01
5.685160000e+01 1.252077502e+01
5.700250000e+01 1.253514052e+01
5.715360000e+01 1.254949685e+01
5.730490000e+01 1.256384400e+01
5.745640000e+01 1.257818199e+01
5.760810000e+01 1.259251081e+01
5.776000000e+01 1.260683045e+01
5.791210000e+01 1.262114093e+01
5.806440000e+01 1.263544223e+01
5.821690000e+01 1.264973436e+01
5.836960000e+01 1.266401732e+01
5.852250000e+01 1.267829110e+01
5.867560000e+01 1.269255572e+01
5.882890000e+01 1.270681117e+01
5.898240000e+01 1.272105746e+01
5.913610000e+01 1.273529459e+01
5.929000000e+01 1.274952256e+01
5.944410000e+01 1.276374139e+01
5.959840000e+01 1.277795107e+01
5.975290000e+01 1.279215162e+01
5.990760000e+01 1.280634305e+01
6.006250000e+01 1.282052536e+01
6.021760000e+01 1.283469857e+01
6.037290000e+01 1.284886269e+01
6.052840000e+01 1.286301772e+01
6.068410000e+01 1.287716370e+01
6.084000000e+01 1.289130062e+01
6.099610000e+01 1.290542850e+01
6.115240000e+01 1.291954736e+01
6.130890000e+01 1.293365721e+01
6.146560000e+01 1.294775809e+01
6.162250000e+01 1.296185011e+01
6.177960000e+01 1.297593303e+01
6.193690000e+01 1.299000699e+01
6.209440000e+01 1.300407201e+01
6.225210000e+01 1.301812812e+01
6.241000000e+01 1.303217529e+01
6.256810000e+01 1.304621358e+01
6.272640000e+01 1.306024297e+01
6.288490000e+01 1.307426347e+01
6.304360000e+01 1.308827509e+01
6.320250000e+01 1.310227785e+01
6.336160000e+01 1.311627175e+01
6.352090000e+01 1.313025678e+01
6.368040000e+01 1.314423295e+01
6.384010000e+01 1.315820026e+01
6.400000000e+01 1.317215872e+01
6.416010000e+01 1.318610833e+01
6.432040000e+01 1.320004907e+01
6.448090000e+01 1.321398095e+01
6.464160000e+01 1.322790396e+01
6.480250000e+01 1.324181809e+01
6.496360000e+01 1.325572335e+01
6.512490000e+01 1.326961972e+01
6.528640000e+01 1.328350719e+01
6.544810000e+01 1.329738577e+01
6.561000000e+01 1.331125543e+01
6.577210000e+01 1.332511619e+01
6.593440000e+01 1.333896800e+01
6.609690000e+01 1.335281089e+01
6.625960000e+01 1.336664483e+01
6.642250000e+01 1.338046983e+01
6.658560000e+01 1.339428586e+01
6.674890000e+01 1.340809294e+01
6.691240000e+01 1.342189104e+01
6.707610000e+01 1.343568018e+01
6.724000000e+01 1.344946034e+01
6.740410000e+01 1.346323153e+01
6.756840000e+01 1.347699374e+01
6.773290000e+01 1.349074697e+01
6.789760000e+01 1.350449122e+01
6.806250000e+01 1.351822650e+01
6.822760000e+01 1.353195283e+01
6.839290000e+01 1.354567019e+01
6.855840000e+01 1.355937860e+01
6.872410000e+01 1.357307807e+01
6.889000000e+01 1.358676861e+01
6.905610000e+01 1.360045024e+01
6.922240000e+01 1.361412296e+01
6.938890000e+01 1.362778680e+01
6.955560000e+01 1.364144177e+01
6.972250000e+01 1.365508790e+01
6.988960000e+01 1.366872519e+01
7.005690000e+01 1.368235368e+01
7.022440000e+01 1.369597338e+01
7.039210000e+01 1.370958431e+01
7.056000000e+01 1.372318652e+01
7.072810000e+01 1.373678001e+01
7.089640000e+01 1.375036481e+01
7.106490000e+01 1.376394095e+01
7.123360000e+01 1.377750846e+01
7.140250000e+01 1.379106736e+01
7.157160000e+01 1.380461769e+01
7.174090000e+01 1.381815946e+01
7.191040000e+01 1.383169271e+01
7.208010000e+01 1.384521747e+01
7.225000000e+01 1.385873376e+01
7.242010000e+01 1.387224161e+01
7.259040000e+01 1.388574105e+01
7.276090000e+01 1.389923212e+01
7.293160000e+01 1.391271482e+01
7.310250000e+01 1.392618921e+01
7.327360000e+01 1.393965529e+01
7.344490000e+01 1.395311310e+01
7.361640000e+01 1.396656268e+01
7.378810000e+01 1.398000402e+01
7.396000000e+01 1.399343718e+01
7.413210000e+01 1.400686219e+01
7.430440000e+01 1.402027904e+01
7.447690000e+01 1.403368779e+01
7.464960000e+01 1.404708845e+01
7.482250000e+01 1.406048106e+01
7.499560000e+01 1.407386562e+01
7.516890000e+01 1.408724218e+01
7.534240000e+01 1.410061077e+01
7.551610000e+01 1.411397137e+01
7.569000000e+01 1.412732409e+01
7.586410000e+01 1.414066888e+01
7.603840000e+01 1.415400580e+01
7.621290000e+01 1.416733488e+01
7.638760000e+01 1.418065613e+01
7.656250000e+01 1.419396959e+01
7.673760000e+01 1.420727529e+01
7.691290000e+01 1.422057325e+01
7.708840000e+01 1.423386351e+01
7.726410000e+01 1.424714609e+01
7.744000000e+01 1.426042102e+01
7.761610000e+01 1.427368980e+01
7.779240000e+01 1.428694806e+01
7.796890000e+01 1.430020025e+01
7.814560000e+01 1.431344490e+01
7.832250000e+01 1.432668206e+01
7.849960000e+01 1.433991176e+01
7.867690000e+01 1.435313402e+01
7.885440000e+01 1.436634889e+01
7.903210000e+01 1.437955636e+01
7.921000000e+01 1.439275653e+01
7.938810000e+01 1.440594937e+01
7.956640000e+01 1.441913494e+01
7.974490000e+01 1.443231324e+01
7.992360000e+01 1.444548433e+01
8.010250000e+01 1.445864822e+01
8.028160000e+01 1.447180495e+01
8.046090000e+01 1.448495453e+01
8.064040000e+01 1.449809699e+01
8.082010000e+01 1.451123236e+01
8.100000000e+01 1.452436065e+01
8.118010000e+01 1.453748189e+01
8.136040000e+01 1.455059610e+01
8.154090000e+01 1.456370329e+01
8.172160000e+01 1.457680349e+01
8.190250000e+01 1.458989670e+01
8.208360000e+01 1.460298295e+01
8.226490000e+01 1.461606225e+01
8.244640000e+01 1.462913459e+01
8.262810000e+01 1.464220001e+01
8.281000000e+01 1.465525850e+01
8.299210000e+01 1.466831006e+01
8.317440000e+01 1.468135472e+01
8.335690000e+01 1.469439247e+01
8.353960000e+01 1.470742331e+01
8.372250000e+01 1.472044725e+01
8.390560000e+01 1.473346430e+01
8.408890000e+01 1.474647443e+01
8.427240000e+01 1.475947767e+01
8.445610000e+01 1.477247400e+01
8.464000000e+01 1.478546344e+01
8.482410000e+01 1.479844597e+01
8.500840000e+01 1.481142160e+01
8.519290000e+01 1.482439031e+01
8.537760000e+01 1.483735213e+01
8.556250000e+01 1.485030702e+01
8.574760000e+01 1.486325500e+01
8.593290000e+01 1.487619608e+01
8.611840000e+01 1.488913023e+01
8.630410000e+01 1.490205747e+01
8.649000000e+01 1.491497780e+01
8.667610000e+01 1.492789121e+01
8.686240000e+01 1.494079770e+01
8.704890000e+01 1.495369728e+01
8.723560000e+01 1.496658996e+01
8.742250000e+01 1.497947572e+01
8.760960000e+01 1.499235459e+01
8.779690000e+01 1.500522656e+01
8.798440000e+01 1.501809164e+01
8.817210000e+01 1.503094984e+01
8.836000000e+01 1.504380117e+01
8.854810000e+01 1.505664562e+01
8.873640000e+01 1.506948322e+01
8.892490000e+01 1.508231397e+01
8.911360000e+01 1.509513787e+01
8.930250000e+01 1.510795494e+01
8.949160000e+01 1.512076521e+01
8.968090000e+01 1.513356867e+01
8.987040000e+01 1.514636533e+01
9.006010000e+01 1.515915521e+01
9.025000000e+01 1.517193832e+01
9.044010000e+01 1.518471467e+01
9.063040000e+01 1.519748427e+01
9.082090000e+01 1.521024714e+01
9.101160000e+01 1.522300328e+01
9.120250000e+01 1.523575271e+01
9.139360000e+01 1.524849546e+01
9.158490000e+01 1.526123151e+01
9.177640000e+01 1.527396088e+01
9.196810000e+01 1.528668358e+01
9.216000000e+01 1.529939963e+01
9.235210000e+01 1.531210903e+01
9.254440000e+01 1.532481178e+01
9.273690000e+01 1.533750790e+01
9.292960000e+01 1.535019740e+01
9.312250000e+01 1.536288028e+01
9.331560000e+01 1.537555654e+01
9.350890000e+01 1.538822619e+01
9.370240000e+01 1.540088924e+01
9.389610000e+01 1.541354566e+01
9.409000000e+01 1.542619553e+01
9.428410000e+01 1.543883879e+01
9.447840000e+01 1.545147544e+01
9.467290000e+01 1.546410549e+01
9.486760000e+01 1.547672895e+01
9.506250000e+01 1.548934581e+01
9.525760000e+01 1.550195606e+01
9.545290000e+01 1.551455972e+01
9.564840000e+01 1.552715676e+01
9.584410000e+01 1.553974718e+01
9.604000000e+01 1.555233099e+01
9.623610000e+01 1.556490817e+01
9.643240000e+01 1.557747872e+01
9.662890000e+01 1.559004263e+01
9.682560000e+01 1.560259989e+01
9.702250000e+01 1.561515049e+01
9.721960000e+01 1.562769441e+01
9.741690000e+01 1.564023167e+01
9.761440000e+01 1.565276223e+01
9.781210000e+01 1.566528608e+01
9.801000000e+01 1.567780319e+01
9.820810000e+01 1.569031362e+01
9.840640000e+01 1.570281728e+01
9.860490000e+01 1.571531419e+01
9.880360000e+01 1.572780430e+01
9.900250000e+01 1.574028764e+01
9.920160000e+01 1.575276416e+01
9.940090000e+01 1.576523386e+01
9.960040000e+01 1.577769672e+01
9.980010000e+01 1.579015271e+01
1.000000000e+02 1.580260183e+01
