0.000000000e+00 0
2.500000000e-01 1.564995003e-03
1.000000000e+00 6.355537432e-01
2.250000000e+00 1.471487571e+00
4.000000000e+00 2.276648343e+00
6.250000000e+00 3.076491669e+00
9.000000000e+00 3.852897410e+00
1.225000000e+01 4.597336263e+00
1.600000000e+01 5.307435226e+00
2.025000000e+01 5.983789631e+00
2.500000000e+01 6.628515791e+00
3.025000000e+01 7.243492581e+00
3.600000000e+01 7.831191489e+00
4.225000000e+01 8.393880185e+00
4.900000000e+01 8.933693374e+00
5.625000000e+01 9.452383036e+00
6.400000000e+01 9.951635541e+00
7.225000000e+01 1.043295937e+01
8.100000000e+01 1.089761416e+01
9.025000000e+01 1.134693449e+01
1.000000000e+02 1.178195295e+01
1.102500000e+02 1.220352303e+01
1.210000000e+02 1.261263901e+01
1.322500000e+02 1.301008669e+01
1.440000000e+02 1.339645843e+01
1.562500000e+02 1.377243953e+01
1.690000000e+02 1.413871252e+01
1.822500000e+02 1.449586199e+01
1.960000000e+02 1.484402070e+01
2.102500000e+02 1.518407818e+01
2.250000000e+02 1.551582706e+01
2.402500000e+02 1.584036032e+01
2.560000000e+02 1.615723846e+01
2.722500000e+02 1.646715959e+01
2.890000000e+02 1.677034849e+01
3.062500000e+02 1.706676151e+01
3.240000000e+02 1.735671274e+01
3.422500000e+02 1.764054142e+01
3.610000000e+02 1.791793557e+01
3.802500000e+02 1.818923150e+01
4.000000000e+02 1.845441267e+01
